
################################################################################
# Gelman-Rubin Diagnostic
################################################################################

Generally the Gelman diagnostic should be < 1.05


Out of 106 variables: 46 > 1.01

                      
0 > 1.05

                      
0 > 1.1


The worst variables are:

              Point est. Upper C.I.
ilr.global[3]   1.049365   1.124227
ilr.global[2]   1.048851   1.127596
ilr.global[1]   1.046260   1.135101
p.ind[17,1]     1.038459   1.114154
p.ind[15,1]     1.038268   1.113654
p.ind[14,1]     1.038231   1.113259
p.ind[11,1]     1.038108   1.112861
p.ind[4,1]      1.038092   1.113174
p.global[1]     1.037346   1.110451
p.ind[19,1]     1.036229   1.106968


And here are the Gelman diagnostics for all variables:

              Point est. Upper C.I.
deviance       1.0012335  1.0033285
ilr.cont1[1]   1.0181220  1.0498855
ilr.cont1[2]   1.0315807  1.0756534
ilr.cont1[3]   1.0292601  1.0677296
ilr.global[1]  1.0462598  1.1351014
ilr.global[2]  1.0488511  1.1275965
ilr.global[3]  1.0493648  1.1242269
loglik[1]      1.0005504  1.0014996
loglik[10]     1.0016467  1.0064413
loglik[11]     0.9999244  1.0008643
loglik[12]     1.0006075  1.0027691
loglik[13]     1.0013302  1.0042859
loglik[14]     1.0001386  1.0017465
loglik[15]     0.9999864  1.0006348
loglik[16]     1.0008391  1.0017470
loglik[17]     1.0037873  1.0141708
loglik[18]     1.0036213  1.0106974
loglik[19]     1.0051559  1.0189372
loglik[2]      1.0032400  1.0125485
loglik[3]      1.0023201  1.0077366
loglik[4]      1.0017359  1.0067133
loglik[5]      1.0004321  1.0020972
loglik[6]      1.0011739  1.0040824
loglik[7]      1.0001278  1.0015658
loglik[8]      1.0000150  1.0011536
loglik[9]      0.9997140  0.9999596
p.global[1]    1.0373464  1.1104512
p.global[2]    1.0260796  1.0856739
p.global[3]    1.0085962  1.0309929
p.global[4]    1.0132481  1.0465541
p.ind[1,1]     1.0121351  1.0358427
p.ind[1,2]     1.0085083  1.0275816
p.ind[1,3]     1.0038214  1.0138093
p.ind[1,4]     1.0036289  1.0115089
p.ind[10,1]    1.0207406  1.0655620
p.ind[10,2]    1.0135409  1.0483047
p.ind[10,3]    1.0020721  1.0088507
p.ind[10,4]    1.0066226  1.0250094
p.ind[11,1]    1.0381078  1.1128615
p.ind[11,2]    1.0266016  1.0878661
p.ind[11,3]    1.0086256  1.0312347
p.ind[11,4]    1.0133096  1.0473152
p.ind[12,1]    1.0214918  1.0676481
p.ind[12,2]    1.0139816  1.0498324
p.ind[12,3]    1.0022449  1.0094733
p.ind[12,4]    1.0068358  1.0257737
p.ind[13,1]    1.0176726  1.0567761
p.ind[13,2]    1.0117196  1.0418985
p.ind[13,3]    1.0013654  1.0062991
p.ind[13,4]    1.0057077  1.0217309
p.ind[14,1]    1.0382309  1.1132592
p.ind[14,2]    1.0266685  1.0882100
p.ind[14,3]    1.0086073  1.0312064
p.ind[14,4]    1.0132958  1.0473853
p.ind[15,1]    1.0382680  1.1136544
p.ind[15,2]    1.0262158  1.0880764
p.ind[15,3]    1.0079424  1.0292496
p.ind[15,4]    1.0126823  1.0461258
p.ind[16,1]    1.0020491  1.0076238
p.ind[16,2]    1.0038092  1.0111893
p.ind[16,3]    1.0027251  1.0097447
p.ind[16,4]    1.0016112  1.0044007
p.ind[17,1]    1.0384594  1.1141535
p.ind[17,2]    1.0265077  1.0886918
p.ind[17,3]    1.0081816  1.0299972
p.ind[17,4]    1.0129040  1.0467338
p.ind[18,1]    1.0209151  1.0609351
p.ind[18,2]    1.0134940  1.0438599
p.ind[18,3]    1.0050725  1.0182806
p.ind[18,4]    1.0065648  1.0211325
p.ind[19,1]    1.0362292  1.1069678
p.ind[19,2]    1.0251996  1.0824092
p.ind[19,3]    1.0084044  1.0302104
p.ind[19,4]    1.0129804  1.0450429
p.ind[2,1]     1.0319656  1.0938705
p.ind[2,2]     1.0216522  1.0703107
p.ind[2,3]     1.0073799  1.0264602
p.ind[2,4]     1.0113625  1.0381345
p.ind[3,1]     1.0358767  1.1069939
p.ind[3,2]     1.0237793  1.0814399
p.ind[3,3]     1.0064905  1.0244633
p.ind[3,4]     1.0113323  1.0417810
p.ind[4,1]     1.0380916  1.1131743
p.ind[4,2]     1.0259908  1.0875397
p.ind[4,3]     1.0077805  1.0287335
p.ind[4,4]     1.0125325  1.0456860
p.ind[5,1]     1.0070175  1.0216517
p.ind[5,2]     1.0061060  1.0194423
p.ind[5,3]     1.0032523  1.0117308
p.ind[5,4]     1.0024294  1.0075006
p.ind[6,1]     1.0235887  1.0734032
p.ind[6,2]     1.0152222  1.0540873
p.ind[6,3]     1.0027350  1.0112368
p.ind[6,4]     1.0074223  1.0278795
p.ind[7,1]     1.0192678  1.0614128
p.ind[7,2]     1.0126755  1.0452800
p.ind[7,3]     1.0017345  1.0076338
p.ind[7,4]     1.0061954  1.0234781
p.ind[8,1]     1.0083224  1.0252459
p.ind[8,2]     1.0066924  1.0214604
p.ind[8,3]     1.0033895  1.0122365
p.ind[8,4]     1.0026992  1.0084228
p.ind[9,1]     1.0014921  1.0043129
p.ind[9,2]     1.0029599  1.0078576
p.ind[9,3]     1.0025324  1.0090002
p.ind[9,4]     1.0014562  1.0035538

################################################################################
# Geweke Diagnostic
################################################################################

The Geweke diagnostic is a standard z-score, so we'd expect 5% to be outside +/-1.96
Number of variables outside +/-1.96 in each chain (out of 
106
):


       Chain 1 Chain 2 Chain 3
Geweke       1      41      53


And here are the Geweke diagnostics for all variables:

              chain1 chain2 chain3
deviance      -0.359 -1.066  2.606
ilr.cont1[1]  -2.083  1.497  1.429
ilr.cont1[2]  -1.322  1.473  2.746
ilr.cont1[3]  -1.345  1.206  2.553
ilr.global[1]  0.150 -1.810  3.010
ilr.global[2]  0.196 -0.998  2.001
ilr.global[3]  0.094 -1.040  1.985
loglik[1]      0.266  0.737 -0.436
loglik[10]    -0.607  0.169 -0.470
loglik[11]    -0.343  1.432 -0.599
loglik[12]    -0.308  0.779 -0.175
loglik[13]    -0.601  0.109 -0.077
loglik[14]    -0.786  1.725 -0.899
loglik[15]     0.884  1.654 -0.401
loglik[16]     0.176 -0.607 -0.919
loglik[17]    -0.772 -0.519 -1.305
loglik[18]    -0.493  0.142 -1.787
loglik[19]    -0.347  0.050 -1.683
loglik[2]      0.057 -0.276 -0.976
loglik[3]     -0.553  0.544 -1.590
loglik[4]     -1.316 -0.152 -1.856
loglik[5]     -0.213  0.176 -1.306
loglik[6]     -0.076 -0.262  0.844
loglik[7]     -0.301  0.658  0.055
loglik[8]     -0.055  1.342 -0.709
loglik[9]     -0.103  0.060 -0.375
p.global[1]   -0.193 -2.657  3.191
p.global[2]   -0.151  2.056 -2.884
p.global[3]    0.095 -1.101  1.485
p.global[4]    0.506 -2.315  2.363
p.ind[1,1]     0.514 -2.661  2.405
p.ind[1,2]    -0.341  1.480 -2.302
p.ind[1,3]     0.214 -0.169  1.138
p.ind[1,4]     0.392 -1.936  1.342
p.ind[10,1]   -0.731 -1.744  3.139
p.ind[10,2]    0.300  2.661 -3.937
p.ind[10,3]   -0.500 -1.864  1.214
p.ind[10,4]    0.695 -1.924  3.233
p.ind[11,1]   -0.256 -2.744  3.272
p.ind[11,2]   -0.133  2.101 -2.971
p.ind[11,3]    0.071 -1.184  1.494
p.ind[11,4]    0.516 -2.294  2.418
p.ind[12,1]   -0.714 -1.852  3.205
p.ind[12,2]    0.285  2.668 -4.021
p.ind[12,3]   -0.492 -1.832  1.240
p.ind[12,4]    0.698 -1.901  3.285
p.ind[13,1]   -0.809 -1.096  2.823
p.ind[13,2]    0.367  2.594 -3.558
p.ind[13,3]   -0.530 -2.068  1.089
p.ind[13,4]    0.692 -2.075  3.006
p.ind[14,1]   -0.265 -2.766  3.293
p.ind[14,2]   -0.128  2.112 -2.988
p.ind[14,3]    0.065 -1.268  1.496
p.ind[14,4]    0.518 -2.287  2.431
p.ind[15,1]   -0.274 -2.836  3.495
p.ind[15,2]   -0.081  2.582 -3.121
p.ind[15,3]   -0.004 -1.433  1.511
p.ind[15,4]    0.540 -2.212  2.892
p.ind[16,1]    0.963 -3.125  1.763
p.ind[16,2]   -0.496  1.649 -1.477
p.ind[16,3]    0.168  0.285  1.185
p.ind[16,4]    0.226 -1.308  1.219
p.ind[17,1]   -0.259 -2.651  3.451
p.ind[17,2]   -0.094  2.568 -3.091
p.ind[17,3]    0.015 -1.396  1.508
p.ind[17,4]    0.535 -2.233  2.825
p.ind[18,1]    0.291 -2.703  2.484
p.ind[18,2]   -0.263  1.561 -2.431
p.ind[18,3]    0.209 -0.423  1.274
p.ind[18,4]    0.445 -2.176  1.478
p.ind[19,1]   -0.129 -2.596  3.134
p.ind[19,2]   -0.163  2.017 -2.776
p.ind[19,3]    0.117 -1.018  1.474
p.ind[19,4]    0.497 -2.329  2.307
p.ind[2,1]    -0.025 -3.100  3.026
p.ind[2,2]    -0.205  1.940 -2.557
p.ind[2,3]     0.161 -0.804  1.526
p.ind[2,4]     0.484 -2.324  1.838
p.ind[3,1]    -0.349 -2.891  3.597
p.ind[3,2]    -0.011  2.704 -3.039
p.ind[3,3]    -0.108 -1.562  1.507
p.ind[3,4]     0.558 -1.937  3.121
p.ind[4,1]    -0.284 -2.840  3.517
p.ind[4,2]    -0.073  2.590 -3.139
p.ind[4,3]    -0.016 -1.454  1.512
p.ind[4,4]     0.543 -2.199  2.929
p.ind[5,1]     0.717 -2.842  2.243
p.ind[5,2]    -0.401  1.424 -1.647
p.ind[5,3]     0.203  0.014  1.085
p.ind[5,4]     0.390 -1.707  1.266
p.ind[6,1]    -0.670 -2.086  3.370
p.ind[6,2]     0.241  2.674 -3.525
p.ind[6,3]    -0.466 -1.767  1.303
p.ind[6,4]     0.709 -1.856  3.426
p.ind[7,1]    -0.767 -1.481  2.999
p.ind[7,2]     0.332  2.639 -3.765
p.ind[7,3]    -0.513 -1.945  1.159
p.ind[7,4]     0.689 -1.983  3.128
p.ind[8,1]     0.667 -2.790  2.307
p.ind[8,2]    -0.384  1.439 -1.681
p.ind[8,3]     0.207 -0.035  1.096
p.ind[8,4]     0.417 -1.774  1.283
p.ind[9,1]     1.087 -4.016  1.358
p.ind[9,2]    -0.554  1.515 -1.378
p.ind[9,3]     0.139  0.429  1.194
p.ind[9,4]     0.115 -1.052  1.234
