
################################################################################
# Gelman-Rubin Diagnostic
################################################################################

Generally the Gelman diagnostic should be < 1.05


Out of 106 variables: 4 > 1.01

                      
0 > 1.05

                      
0 > 1.1


The worst variables are:

              Point est. Upper C.I.
ilr.global[2]   1.017390   1.039345
ilr.global[1]   1.017234   1.045341
ilr.global[3]   1.015932   1.038262
ilr.cont1[3]    1.010054   1.026205
ilr.cont1[2]    1.008684   1.025287
p.ind[11,2]     1.008334   1.028149
p.global[2]     1.008320   1.028138
p.ind[17,2]     1.008283   1.027469
p.ind[19,2]     1.008134   1.027845
p.ind[15,2]     1.008062   1.026629


And here are the Gelman diagnostics for all variables:

              Point est. Upper C.I.
deviance       1.0002855  1.0003237
ilr.cont1[1]   1.0016857  1.0049353
ilr.cont1[2]   1.0086842  1.0252869
ilr.cont1[3]   1.0100540  1.0262047
ilr.global[1]  1.0172337  1.0453413
ilr.global[2]  1.0173898  1.0393451
ilr.global[3]  1.0159317  1.0382617
loglik[1]      1.0006461  1.0028262
loglik[10]     1.0018549  1.0061919
loglik[11]     1.0011990  1.0035906
loglik[12]     1.0013661  1.0062492
loglik[13]     1.0019302  1.0076133
loglik[14]     1.0003429  1.0013770
loglik[15]     1.0000043  1.0002799
loglik[16]     1.0040318  1.0119202
loglik[17]     1.0057824  1.0177915
loglik[18]     1.0014782  1.0045338
loglik[19]     1.0072447  1.0214169
loglik[2]      1.0046208  1.0138931
loglik[3]      1.0002672  1.0009322
loglik[4]      1.0005501  1.0029530
loglik[5]      1.0022372  1.0064352
loglik[6]      0.9997446  0.9999964
loglik[7]      1.0007471  1.0037729
loglik[8]      0.9996410  0.9998337
loglik[9]      1.0019014  1.0054167
p.global[1]    1.0041293  1.0104995
p.global[2]    1.0083201  1.0281385
p.global[3]    1.0047930  1.0146619
p.global[4]    1.0038238  1.0118357
p.ind[1,1]     1.0028723  1.0083579
p.ind[1,2]     1.0028896  1.0118198
p.ind[1,3]     1.0020308  1.0077767
p.ind[1,4]     1.0020136  1.0062068
p.ind[10,1]    1.0039070  1.0107219
p.ind[10,2]    1.0049660  1.0174250
p.ind[10,3]    1.0015344  1.0056859
p.ind[10,4]    1.0019072  1.0066928
p.ind[11,1]    1.0041491  1.0105387
p.ind[11,2]    1.0083343  1.0281494
p.ind[11,3]    1.0047728  1.0146121
p.ind[11,4]    1.0037942  1.0117652
p.ind[12,1]    1.0030351  1.0090430
p.ind[12,2]    1.0031056  1.0116937
p.ind[12,3]    1.0005992  1.0028744
p.ind[12,4]    1.0015535  1.0055059
p.ind[13,1]    1.0028809  1.0087327
p.ind[13,2]    1.0028297  1.0107789
p.ind[13,3]    1.0004817  1.0024925
p.ind[13,4]    1.0015038  1.0053185
p.ind[14,1]    1.0045040  1.0116976
p.ind[14,2]    1.0069590  1.0231790
p.ind[14,3]    1.0028304  1.0092979
p.ind[14,4]    1.0024022  1.0081481
p.ind[15,1]    1.0045361  1.0115150
p.ind[15,2]    1.0080625  1.0266286
p.ind[15,3]    1.0038701  1.0121965
p.ind[15,4]    1.0029601  1.0096627
p.ind[16,1]    1.0027591  1.0079939
p.ind[16,2]    1.0025991  1.0107154
p.ind[16,3]    1.0018237  1.0072008
p.ind[16,4]    1.0018606  1.0056737
p.ind[17,1]    1.0044499  1.0112499
p.ind[17,2]    1.0082834  1.0274695
p.ind[17,3]    1.0042171  1.0131518
p.ind[17,4]    1.0032169  1.0103302
p.ind[18,1]    1.0026451  1.0076578
p.ind[18,2]    1.0023765  1.0098532
p.ind[18,3]    1.0016667  1.0067488
p.ind[18,4]    1.0017542  1.0052752
p.ind[19,1]    1.0039537  1.0101886
p.ind[19,2]    1.0081344  1.0278446
p.ind[19,3]    1.0049090  1.0149328
p.ind[19,4]    1.0040434  1.0123471
p.ind[2,1]     1.0033720  1.0095472
p.ind[2,2]     1.0068329  1.0245986
p.ind[2,3]     1.0045785  1.0140567
p.ind[2,4]     1.0041447  1.0124088
p.ind[3,1]     1.0037020  1.0103418
p.ind[3,2]     1.0044716  1.0159617
p.ind[3,3]     1.0012623  1.0049013
p.ind[3,4]     1.0018092  1.0063823
p.ind[4,1]     1.0044869  1.0116779
p.ind[4,2]     1.0068653  1.0229048
p.ind[4,3]     1.0027595  1.0091010
p.ind[4,4]     1.0023716  1.0080618
p.ind[5,1]     1.0029708  1.0087212
p.ind[5,2]     1.0032691  1.0132254
p.ind[5,3]     1.0023022  1.0085035
p.ind[5,4]     1.0022303  1.0069131
p.ind[6,1]     1.0038080  1.0105398
p.ind[6,2]     1.0047214  1.0167053
p.ind[6,3]     1.0013977  1.0052942
p.ind[6,4]     1.0018582  1.0065388
p.ind[7,1]     1.0017783  1.0063736
p.ind[7,2]     1.0012654  1.0046799
p.ind[7,3]     1.0000177  1.0007526
p.ind[7,4]     1.0012502  1.0040286
p.ind[8,1]     1.0026888  1.0077841
p.ind[8,2]     1.0024562  1.0101633
p.ind[8,3]     1.0017226  1.0069116
p.ind[8,4]     1.0017910  1.0054165
p.ind[9,1]     1.0024034  1.0069961
p.ind[9,2]     1.0020130  1.0084203
p.ind[9,3]     1.0014165  1.0059947
p.ind[9,4]     1.0016090  1.0046565

################################################################################
# Geweke Diagnostic
################################################################################

The Geweke diagnostic is a standard z-score, so we'd expect 5% to be outside +/-1.96
Number of variables outside +/-1.96 in each chain (out of 
106
):


       Chain 1 Chain 2 Chain 3
Geweke       1      71       0


And here are the Geweke diagnostics for all variables:

              chain1 chain2 chain3
deviance      -0.198 -0.996 -1.959
ilr.cont1[1]   0.009 -2.874 -0.747
ilr.cont1[2]  -0.789 -2.934 -0.741
ilr.cont1[3]  -0.408 -1.716 -0.819
ilr.global[1] -0.473 -2.582  0.315
ilr.global[2]  0.319 -0.889  1.785
ilr.global[3]  0.890 -0.746  1.820
loglik[1]      0.160 -0.803  0.039
loglik[10]     1.168  2.601  0.331
loglik[11]     0.722  1.347  0.971
loglik[12]    -0.393  0.771  0.114
loglik[13]     0.110  1.281  0.061
loglik[14]     0.350  1.652  0.514
loglik[15]    -0.540  0.937  0.537
loglik[16]     1.034  1.700 -0.409
loglik[17]    -0.005  1.693  0.368
loglik[18]     1.459  0.919 -0.541
loglik[19]    -0.033  1.939  0.732
loglik[2]     -0.260  1.569  0.439
loglik[3]      0.707  0.060  0.015
loglik[4]      0.630  0.946  0.556
loglik[5]      1.967  1.027 -0.467
loglik[6]      1.610  0.802 -0.441
loglik[7]     -0.466 -0.292 -0.212
loglik[8]      0.723 -0.226 -0.538
loglik[9]      1.361  0.899 -0.526
p.global[1]   -0.756 -3.198 -0.791
p.global[2]    0.266  3.150  0.811
p.global[3]    1.155 -2.008 -0.497
p.global[4]   -1.316 -3.721 -0.452
p.ind[1,1]    -0.745 -1.720 -0.174
p.ind[1,2]     0.188  2.408  0.332
p.ind[1,3]     0.657 -1.704 -0.085
p.ind[1,4]    -0.924 -2.528 -0.419
p.ind[10,1]   -0.649 -3.832 -0.626
p.ind[10,2]    0.166  3.623  0.792
p.ind[10,3]    1.235 -2.423 -0.423
p.ind[10,4]   -1.202 -3.472 -0.523
p.ind[11,1]   -0.755 -3.208 -0.791
p.ind[11,2]    0.267  3.162  0.813
p.ind[11,3]    1.158 -2.013 -0.498
p.ind[11,4]   -1.314 -3.729 -0.454
p.ind[12,1]   -0.620 -4.084 -0.562
p.ind[12,2]    0.070  4.725  0.650
p.ind[12,3]    1.171 -2.070 -0.336
p.ind[12,4]   -1.131 -3.088 -0.482
p.ind[13,1]   -0.615 -4.161 -0.557
p.ind[13,2]    0.053  4.700  0.633
p.ind[13,3]    1.170 -1.951 -0.318
p.ind[13,4]   -1.116 -3.006 -0.474
p.ind[14,1]   -0.701 -3.566 -0.690
p.ind[14,2]    0.235  3.192  0.819
p.ind[14,3]    1.183 -2.713 -0.487
p.ind[14,4]   -1.251 -3.870 -0.548
p.ind[15,1]   -0.726 -3.487 -0.797
p.ind[15,2]    0.270  3.103  0.833
p.ind[15,3]    1.193 -2.300 -0.510
p.ind[15,4]   -1.278 -3.995 -0.491
p.ind[16,1]   -0.743 -2.146 -0.129
p.ind[16,2]    0.179  2.355  0.291
p.ind[16,3]    0.644 -1.815 -0.052
p.ind[16,4]   -0.872 -2.422 -0.440
p.ind[17,1]   -0.735 -3.463 -0.816
p.ind[17,2]    0.270  3.073  0.847
p.ind[17,3]    1.214 -2.297 -0.511
p.ind[17,4]   -1.288 -3.804 -0.480
p.ind[18,1]   -0.741 -1.949 -0.095
p.ind[18,2]    0.172  2.307  0.257
p.ind[18,3]    0.634 -1.796 -0.025
p.ind[18,4]   -0.842 -2.399 -0.431
p.ind[19,1]   -0.765 -3.120 -0.795
p.ind[19,2]    0.264  3.275  0.775
p.ind[19,3]    1.016 -1.966 -0.483
p.ind[19,4]   -1.330 -3.991 -0.441
p.ind[2,1]    -0.775 -3.306 -0.668
p.ind[2,2]     0.255  3.028  0.675
p.ind[2,3]     0.890 -1.833 -0.417
p.ind[2,4]    -1.458 -3.663 -0.415
p.ind[3,1]    -0.639 -3.757 -0.605
p.ind[3,2]     0.144  3.728  0.763
p.ind[3,3]     1.320 -2.332 -0.404
p.ind[3,4]    -1.186 -3.368 -0.515
p.ind[4,1]    -0.699 -3.592 -0.686
p.ind[4,2]     0.233  3.206  0.816
p.ind[4,3]     1.186 -2.700 -0.484
p.ind[4,4]    -1.249 -3.850 -0.547
p.ind[5,1]    -0.747 -1.889 -0.232
p.ind[5,2]     0.199  2.466  0.355
p.ind[5,3]     0.675 -1.730 -0.125
p.ind[5,4]    -0.991 -2.639 -0.431
p.ind[6,1]    -0.644 -3.707 -0.616
p.ind[6,2]     0.156  3.674  0.778
p.ind[6,3]     1.319 -2.380 -0.414
p.ind[6,4]    -1.195 -3.421 -0.519
p.ind[7,1]    -0.605 -7.563 -0.597
p.ind[7,2]    -0.103  4.166  0.498
p.ind[7,3]     1.176 -0.811 -0.141
p.ind[7,4]    -0.968 -2.272 -0.373
p.ind[8,1]    -0.742 -2.021 -0.107
p.ind[8,2]     0.174  2.325  0.269
p.ind[8,3]     0.637 -1.803 -0.035
p.ind[8,4]    -0.857 -2.368 -0.434
p.ind[9,1]    -0.738 -1.681 -0.039
p.ind[9,2]     0.158  2.273  0.218
p.ind[9,3]     0.617 -1.760  0.022
p.ind[9,4]    -0.771 -2.232 -0.411
