
################################################################################
# Gelman-Rubin Diagnostic
################################################################################

Generally the Gelman diagnostic should be < 1.05


Out of 106 variables: 4 > 1.01

                      
0 > 1.05

                      
0 > 1.1


The worst variables are:

              Point est. Upper C.I.
ilr.global[2]   1.019445   1.038363
ilr.global[3]   1.016495   1.033854
ilr.cont1[2]    1.016033   1.036431
ilr.cont1[3]    1.014995   1.034409
ilr.cont1[1]    1.007830   1.022038
loglik[5]       1.004220   1.008010
ilr.global[1]   1.003785   1.004641
loglik[18]      1.002656   1.003798
loglik[9]       1.002589   1.004190
loglik[16]      1.002238   1.004368


And here are the Gelman diagnostics for all variables:

              Point est. Upper C.I.
deviance       1.0020017   1.007530
ilr.cont1[1]   1.0078301   1.022038
ilr.cont1[2]   1.0160329   1.036431
ilr.cont1[3]   1.0149948   1.034409
ilr.global[1]  1.0037851   1.004641
ilr.global[2]  1.0194448   1.038363
ilr.global[3]  1.0164951   1.033854
loglik[1]      1.0017850   1.004074
loglik[10]     1.0011601   1.004387
loglik[11]     1.0004795   1.002022
loglik[12]     1.0016551   1.005576
loglik[13]     1.0017579   1.005562
loglik[14]     1.0005528   1.001703
loglik[15]     1.0005745   1.002444
loglik[16]     1.0022385   1.004368
loglik[17]     0.9999615   1.000188
loglik[18]     1.0026559   1.003798
loglik[19]     1.0009575   1.004061
loglik[2]      1.0018763   1.004328
loglik[3]      1.0001818   1.000791
loglik[4]      1.0015855   1.003347
loglik[5]      1.0042197   1.008010
loglik[6]      0.9998133   1.000636
loglik[7]      1.0010758   1.003578
loglik[8]      1.0003229   1.000458
loglik[9]      1.0025892   1.004190
p.global[1]    1.0018047   1.002643
p.global[2]    1.0016720   1.006861
p.global[3]    1.0014104   1.005576
p.global[4]    1.0002552   1.002038
p.ind[1,1]     1.0003139   1.001429
p.ind[1,2]     1.0004895   1.002990
p.ind[1,3]     1.0012088   1.002522
p.ind[1,4]     1.0004335   1.001827
p.ind[10,1]    1.0006164   1.002982
p.ind[10,2]    1.0020584   1.008467
p.ind[10,3]    1.0010642   1.004786
p.ind[10,4]    1.0011957   1.004125
p.ind[11,1]    1.0018157   1.002652
p.ind[11,2]    1.0016529   1.006762
p.ind[11,3]    1.0014017   1.005508
p.ind[11,4]    1.0002313   1.001967
p.ind[12,1]    1.0006283   1.003120
p.ind[12,2]    1.0020318   1.008326
p.ind[12,3]    1.0009700   1.004458
p.ind[12,4]    1.0012165   1.004157
p.ind[13,1]    1.0010703   1.004877
p.ind[13,2]    1.0014230   1.006362
p.ind[13,3]    1.0000751   1.001275
p.ind[13,4]    1.0012683   1.004168
p.ind[14,1]    1.0007410   1.003627
p.ind[14,2]    1.0018872   1.007761
p.ind[14,3]    1.0006569   1.003370
p.ind[14,4]    1.0012561   1.004205
p.ind[15,1]    1.0017733   1.002623
p.ind[15,2]    1.0017136   1.007089
p.ind[15,3]    1.0014318   1.005728
p.ind[15,4]    1.0003130   1.002204
p.ind[16,1]    1.0003798   1.001480
p.ind[16,2]    1.0004926   1.003009
p.ind[16,3]    1.0012089   1.002584
p.ind[16,4]    1.0004079   1.001741
p.ind[17,1]    1.0016544   1.002655
p.ind[17,2]    1.0010559   1.004537
p.ind[17,3]    1.0013037   1.004004
p.ind[17,4]    1.0000112   1.000907
p.ind[18,1]    1.0003036   1.001422
p.ind[18,2]    1.0004895   1.002988
p.ind[18,3]    1.0012089   1.002512
p.ind[18,4]    1.0004376   1.001841
p.ind[19,1]    1.0018522   1.002726
p.ind[19,2]    1.0014636   1.005913
p.ind[19,3]    1.0013467   1.004934
p.ind[19,4]    1.0000673   1.001411
p.ind[2,1]     1.0014650   1.002493
p.ind[2,2]     1.0008962   1.004085
p.ind[2,3]     1.0012847   1.003676
p.ind[2,4]     1.0000636   1.000921
p.ind[3,1]     1.0006292   1.003127
p.ind[3,2]     1.0020304   1.008319
p.ind[3,3]     1.0009655   1.004442
p.ind[3,4]     1.0012174   1.004159
p.ind[4,1]     1.0006473   1.003236
p.ind[4,2]     1.0020042   1.008201
p.ind[4,3]     1.0008941   1.004194
p.ind[4,4]     1.0012297   1.004176
p.ind[5,1]     1.0003282   1.001440
p.ind[5,2]     1.0004898   1.002993
p.ind[5,3]     1.0012087   1.002536
p.ind[5,4]     1.0004277   1.001807
p.ind[6,1]     1.0006547   1.002731
p.ind[6,2]     1.0020806   1.008690
p.ind[6,3]     1.0012557   1.005455
p.ind[6,4]     1.0011296   1.004013
p.ind[7,1]     1.0020532   1.007321
p.ind[7,2]     1.0011381   1.005289
p.ind[7,3]     1.0000171   1.000248
p.ind[7,4]     1.0012912   1.004176
p.ind[8,1]     1.0005470   1.001622
p.ind[8,2]     1.0005165   1.003087
p.ind[8,3]     1.0012134   1.002733
p.ind[8,4]     1.0003490   1.001554
p.ind[9,1]     1.0008014   1.001858
p.ind[9,2]     1.0005820   1.003264
p.ind[9,3]     1.0012275   1.002959
p.ind[9,4]     1.0002672   1.001322

################################################################################
# Geweke Diagnostic
################################################################################

The Geweke diagnostic is a standard z-score, so we'd expect 5% to be outside +/-1.96
Number of variables outside +/-1.96 in each chain (out of 
106
):


       Chain 1 Chain 2 Chain 3
Geweke       0      14      10


And here are the Geweke diagnostics for all variables:

              chain1 chain2 chain3
deviance       0.319 -1.334  1.955
ilr.cont1[1]   0.649  0.016 -0.662
ilr.cont1[2]   0.926  0.174 -0.464
ilr.cont1[3]   1.032  0.094 -0.761
ilr.global[1] -0.150 -0.482  1.399
ilr.global[2]  0.543 -0.611  2.098
ilr.global[3]  0.454 -0.329  1.936
loglik[1]      0.026 -2.523 -0.985
loglik[10]     0.765  1.037 -0.780
loglik[11]     0.527 -1.265 -0.255
loglik[12]     0.809 -0.319 -0.286
loglik[13]     0.508 -0.158 -0.770
loglik[14]     0.533 -0.388 -0.148
loglik[15]     0.856 -2.269 -0.483
loglik[16]    -0.337 -0.052 -1.535
loglik[17]     0.350  1.132  0.402
loglik[18]    -0.220  1.433 -1.422
loglik[19]     0.819 -1.155  0.256
loglik[2]      0.204 -2.216 -0.103
loglik[3]      0.164  0.674 -1.105
loglik[4]      0.501  0.678 -1.052
loglik[5]     -0.336 -0.219 -1.331
loglik[6]      0.309  1.160 -0.393
loglik[7]      0.391 -0.549 -0.645
loglik[8]     -0.024  3.083 -0.871
loglik[9]     -0.334  0.647 -1.210
p.global[1]   -0.406 -0.498  1.816
p.global[2]    0.763  0.384 -0.935
p.global[3]   -0.984  0.601  0.091
p.global[4]   -0.451 -2.109  0.983
p.ind[1,1]    -0.771 -0.547  2.016
p.ind[1,2]     0.747  0.276 -1.726
p.ind[1,3]    -0.371  1.480  0.229
p.ind[1,4]    -0.881 -2.038  0.844
p.ind[10,1]    0.124 -0.566  1.446
p.ind[10,2]    0.109  0.701 -0.953
p.ind[10,3]   -0.409 -0.060  0.101
p.ind[10,4]    0.119 -1.350  1.172
p.ind[11,1]   -0.413 -0.502  1.828
p.ind[11,2]    0.776  0.384 -0.941
p.ind[11,3]   -0.989  0.620  0.093
p.ind[11,4]   -0.468 -2.131  0.980
p.ind[12,1]    0.166 -0.614  1.421
p.ind[12,2]    0.067  0.730 -0.959
p.ind[12,3]   -0.374 -0.096  0.110
p.ind[12,4]    0.137 -1.315  1.173
p.ind[13,1]    0.704 -0.475  1.107
p.ind[13,2]   -0.306  0.846 -1.132
p.ind[13,3]   -0.163 -0.340  0.243
p.ind[13,4]    0.237 -1.035  1.199
p.ind[14,1]    0.320 -0.611  1.305
p.ind[14,2]   -0.060  0.804 -0.988
p.ind[14,3]   -0.321 -0.197  0.162
p.ind[14,4]    0.182 -1.214  1.179
p.ind[15,1]   -0.391 -0.485  1.624
p.ind[15,2]    0.733  0.388 -0.922
p.ind[15,3]   -0.969  0.558  0.085
p.ind[15,4]   -0.411 -2.057  0.989
p.ind[16,1]   -0.759 -0.571  2.039
p.ind[16,2]    0.756  0.284 -1.731
p.ind[16,3]   -0.393  1.479  0.223
p.ind[16,4]   -0.893 -2.057  0.857
p.ind[17,1]   -0.558 -0.640  2.147
p.ind[17,2]    0.815  0.402 -1.298
p.ind[17,3]   -0.753  0.969  0.150
p.ind[17,4]   -0.854 -2.020  0.979
p.ind[18,1]   -0.773 -0.543  2.012
p.ind[18,2]    0.745  0.274 -1.725
p.ind[18,3]   -0.367  1.480  0.230
p.ind[18,4]   -0.879 -2.034  0.842
p.ind[19,1]   -0.464 -0.523  2.035
p.ind[19,2]    0.759  0.411 -1.010
p.ind[19,3]   -1.002  0.860  0.116
p.ind[19,4]   -0.603 -2.063  1.074
p.ind[2,1]    -0.597 -0.630  2.197
p.ind[2,2]     0.820  0.343 -1.359
p.ind[2,3]    -0.683  1.037  0.162
p.ind[2,4]    -0.886 -2.006  0.951
p.ind[3,1]     0.168 -0.614  1.420
p.ind[3,2]     0.065  0.731 -0.959
p.ind[3,3]    -0.372 -0.098  0.111
p.ind[3,4]     0.138 -1.313  1.173
p.ind[4,1]     0.200 -0.616  1.402
p.ind[4,2]     0.035  0.751 -0.977
p.ind[4,3]    -0.348 -0.123  0.118
p.ind[4,4]     0.150 -1.288  1.174
p.ind[5,1]    -0.768 -0.553  2.021
p.ind[5,2]     0.749  0.277 -1.727
p.ind[5,3]    -0.376  1.479  0.227
p.ind[5,4]    -0.884 -2.042  0.847
p.ind[6,1]     0.031 -0.488  1.498
p.ind[6,2]     0.206  0.630 -0.939
p.ind[6,3]    -0.502  0.026  0.082
p.ind[6,4]     0.067 -1.439  1.172
p.ind[7,1]     0.887 -0.111  0.817
p.ind[7,2]    -0.533  0.856 -1.121
p.ind[7,3]    -0.042 -0.407  0.344
p.ind[7,4]     0.261 -0.866  1.229
p.ind[8,1]    -0.732 -0.611  2.085
p.ind[8,2]     0.775  0.300 -1.740
p.ind[8,3]    -0.439  1.473  0.212
p.ind[8,4]    -0.915 -1.881  0.889
p.ind[9,1]    -0.695 -0.642  2.134
p.ind[9,2]     0.796  0.317 -1.530
p.ind[9,3]    -0.505  1.455  0.198
p.ind[9,4]    -0.927 -1.922  0.937
