
################################################################################
# Gelman-Rubin Diagnostic
################################################################################

Generally the Gelman diagnostic should be < 1.05


Out of 106 variables: 18 > 1.01

                      
0 > 1.05

                      
0 > 1.1


The worst variables are:

              Point est. Upper C.I.
ilr.global[1]   1.041312   1.125268
ilr.global[2]   1.029862   1.065404
ilr.global[3]   1.024471   1.048335
p.global[1]     1.020630   1.062163
p.ind[11,1]     1.020562   1.061718
p.ind[19,1]     1.020453   1.061965
p.ind[15,1]     1.019224   1.057747
p.ind[14,1]     1.019186   1.057642
p.ind[17,1]     1.019095   1.057383
p.ind[2,1]      1.018155   1.056595


And here are the Gelman diagnostics for all variables:

              Point est. Upper C.I.
deviance       1.0005187  1.0029436
ilr.cont1[1]   1.0035982  1.0095762
ilr.cont1[2]   1.0063935  1.0074792
ilr.cont1[3]   1.0059748  1.0092316
ilr.global[1]  1.0413122  1.1252677
ilr.global[2]  1.0298616  1.0654044
ilr.global[3]  1.0244714  1.0483349
loglik[1]      1.0011364  1.0021646
loglik[10]     1.0000157  1.0011280
loglik[11]     1.0006687  1.0010626
loglik[12]     0.9998357  1.0000851
loglik[13]     0.9998333  0.9999459
loglik[14]     1.0004081  1.0006669
loglik[15]     1.0012518  1.0017187
loglik[16]     1.0001605  1.0018549
loglik[17]     1.0003783  1.0021023
loglik[18]     1.0015541  1.0063717
loglik[19]     1.0014408  1.0039985
loglik[2]      1.0009736  1.0039100
loglik[3]      1.0001867  1.0013843
loglik[4]      1.0004288  1.0022119
loglik[5]      1.0011522  1.0046858
loglik[6]      1.0000489  1.0008852
loglik[7]      0.9999704  1.0004452
loglik[8]      0.9999740  1.0007256
loglik[9]      0.9998352  1.0004623
p.global[1]    1.0206302  1.0621630
p.global[2]    1.0098461  1.0345885
p.global[3]    1.0003889  1.0018650
p.global[4]    1.0054714  1.0199406
p.ind[1,1]     1.0125458  1.0391409
p.ind[1,2]     1.0059378  1.0224546
p.ind[1,3]     1.0014375  1.0048235
p.ind[1,4]     1.0025392  1.0069959
p.ind[10,1]    1.0118273  1.0360223
p.ind[10,2]    1.0039417  1.0155642
p.ind[10,3]    0.9997965  1.0000009
p.ind[10,4]    1.0033197  1.0131989
p.ind[11,1]    1.0205616  1.0617180
p.ind[11,2]    1.0095555  1.0337855
p.ind[11,3]    1.0003369  1.0015743
p.ind[11,4]    1.0053057  1.0197110
p.ind[12,1]    1.0070192  1.0219744
p.ind[12,2]    1.0021501  1.0089834
p.ind[12,3]    0.9997959  1.0002487
p.ind[12,4]    1.0026694  1.0108877
p.ind[13,1]    1.0068257  1.0214421
p.ind[13,2]    1.0020934  1.0087706
p.ind[13,3]    0.9998001  1.0002668
p.ind[13,4]    1.0026470  1.0108097
p.ind[14,1]    1.0191862  1.0576418
p.ind[14,2]    1.0082300  1.0298885
p.ind[14,3]    1.0001981  1.0009167
p.ind[14,4]    1.0047561  1.0182238
p.ind[15,1]    1.0192235  1.0577470
p.ind[15,2]    1.0082587  1.0299760
p.ind[15,3]    1.0002008  1.0009275
p.ind[15,4]    1.0047666  1.0182570
p.ind[16,1]    1.0097847  1.0301808
p.ind[16,2]    1.0048427  1.0182494
p.ind[16,3]    1.0016597  1.0049603
p.ind[16,4]    1.0015510  1.0042029
p.ind[17,1]    1.0190946  1.0573834
p.ind[17,2]    1.0081602  1.0296749
p.ind[17,3]    1.0001914  1.0008908
p.ind[17,4]    1.0047306  1.0181429
p.ind[18,1]    1.0151769  1.0477749
p.ind[18,2]    1.0072853  1.0270577
p.ind[18,3]    1.0011225  1.0043247
p.ind[18,4]    1.0037718  1.0109601
p.ind[19,1]    1.0204530  1.0619653
p.ind[19,2]    1.0099525  1.0348680
p.ind[19,3]    1.0004385  1.0021379
p.ind[19,4]    1.0055673  1.0198680
p.ind[2,1]     1.0181551  1.0565954
p.ind[2,2]     1.0090295  1.0322742
p.ind[2,3]     1.0007278  1.0033329
p.ind[2,4]     1.0051596  1.0164853
p.ind[3,1]     1.0142870  1.0434703
p.ind[3,2]     1.0051638  1.0198767
p.ind[3,3]     0.9998922  1.0001068
p.ind[3,4]     1.0037267  1.0146671
p.ind[4,1]     1.0172960  1.0522943
p.ind[4,2]     1.0069227  1.0257726
p.ind[4,3]     1.0000695  1.0004941
p.ind[4,4]     1.0043026  1.0167121
p.ind[5,1]     1.0122120  1.0380425
p.ind[5,2]     1.0057898  1.0219110
p.ind[5,3]     1.0014708  1.0048596
p.ind[5,4]     1.0024034  1.0065918
p.ind[6,1]     1.0105296  1.0321047
p.ind[6,2]     1.0033797  1.0135293
p.ind[6,3]     0.9997726  1.0000179
p.ind[6,4]     1.0031250  1.0124994
p.ind[7,1]     1.0029266  1.0110161
p.ind[7,2]     1.0011012  1.0049376
p.ind[7,3]     0.9999292  1.0007062
p.ind[7,4]     1.0022161  1.0093239
p.ind[8,1]     1.0108587  1.0336392
p.ind[8,2]     1.0052386  1.0198168
p.ind[8,3]     1.0015877  1.0049496
p.ind[8,4]     1.0019025  1.0051566
p.ind[9,1]     1.0087706  1.0268370
p.ind[9,2]     1.0044770  1.0167605
p.ind[9,3]     1.0017088  1.0049163
p.ind[9,4]     1.0012373  1.0033892

################################################################################
# Geweke Diagnostic
################################################################################

The Geweke diagnostic is a standard z-score, so we'd expect 5% to be outside +/-1.96
Number of variables outside +/-1.96 in each chain (out of 
106
):


       Chain 1 Chain 2 Chain 3
Geweke      14      13      15


And here are the Geweke diagnostics for all variables:

              chain1 chain2 chain3
deviance      -1.032  1.130 -0.218
ilr.cont1[1]   0.461  2.654  0.250
ilr.cont1[2]   0.123  1.412  1.379
ilr.cont1[3]   0.215  1.297  1.270
ilr.global[1] -0.382 -0.053  1.604
ilr.global[2]  0.828 -1.746 -0.367
ilr.global[3]  0.868 -1.960 -0.598
loglik[1]      0.079  2.006  0.694
loglik[10]     0.921 -2.109 -0.389
loglik[11]     1.366 -0.654  0.367
loglik[12]     0.956 -2.601 -0.350
loglik[13]     1.027 -2.471 -0.420
loglik[14]     0.997 -1.060  0.374
loglik[15]     0.266 -0.391  0.239
loglik[16]     1.470 -1.790  0.016
loglik[17]     1.481 -2.397 -1.249
loglik[18]     2.739 -1.714 -0.404
loglik[19]     1.510 -1.757 -0.479
loglik[2]      1.028 -0.974 -0.417
loglik[3]      0.179  0.812 -0.184
loglik[4]      1.495 -2.375 -1.794
loglik[5]      1.906 -0.755  0.382
loglik[6]     -0.768  1.062  0.662
loglik[7]      0.800 -1.783 -0.039
loglik[8]      0.653 -0.922 -0.253
loglik[9]      1.349 -1.539  0.001
p.global[1]   -2.608  0.024  1.339
p.global[2]    1.702 -0.848 -1.100
p.global[3]   -0.849  1.158  0.876
p.global[4]   -1.559  0.739  1.981
p.ind[1,1]    -2.808 -0.810  1.397
p.ind[1,2]     1.582 -0.051 -1.542
p.ind[1,3]    -0.482  0.192  0.592
p.ind[1,4]    -1.042  0.709  1.797
p.ind[10,1]   -1.154  0.597  1.617
p.ind[10,2]    1.354 -1.721 -2.107
p.ind[10,3]   -0.658  2.613  1.173
p.ind[10,4]   -1.389  0.935  2.341
p.ind[11,1]   -2.510  0.070  1.358
p.ind[11,2]    1.690 -0.931 -1.396
p.ind[11,3]   -0.874  1.487  0.916
p.ind[11,4]   -1.602  0.753  2.013
p.ind[12,1]   -0.716  1.168  1.691
p.ind[12,2]    1.209 -1.720 -2.396
p.ind[12,3]   -0.561  2.318  0.784
p.ind[12,4]   -1.316  0.811  2.331
p.ind[13,1]   -0.700  1.197  1.688
p.ind[13,2]    1.200 -1.731 -2.374
p.ind[13,3]   -0.558  2.301  0.758
p.ind[13,4]   -1.312  0.804  2.327
p.ind[14,1]   -2.149  0.170  1.428
p.ind[14,2]    1.659 -1.189 -1.523
p.ind[14,3]   -0.909  1.847  1.028
p.ind[14,4]   -1.585  0.793  1.936
p.ind[15,1]   -2.154  0.168  1.458
p.ind[15,2]    1.659 -1.184 -1.520
p.ind[15,3]   -0.909  1.841  1.026
p.ind[15,4]   -1.586  0.793  1.935
p.ind[16,1]   -2.928 -1.009  1.374
p.ind[16,2]    1.507  0.402 -1.643
p.ind[16,3]   -0.361 -0.063  0.472
p.ind[16,4]   -0.793  0.361  1.989
p.ind[17,1]   -2.135  0.174  1.433
p.ind[17,2]    1.657 -1.202 -1.531
p.ind[17,3]   -0.909  1.862  1.033
p.ind[17,4]   -1.582  0.795  1.936
p.ind[18,1]   -2.344 -0.546  1.417
p.ind[18,2]    1.703 -0.307 -1.525
p.ind[18,3]   -0.589  0.398  0.676
p.ind[18,4]   -1.198  0.955  1.981
p.ind[19,1]   -2.674 -0.021  1.334
p.ind[19,2]    1.716 -0.782 -1.088
p.ind[19,3]   -0.823  1.028  0.843
p.ind[19,4]   -1.546  0.731  1.959
p.ind[2,1]    -2.429 -0.269  1.402
p.ind[2,2]     1.666 -0.497 -1.324
p.ind[2,3]    -0.703  0.639  0.745
p.ind[2,4]    -1.408  0.745  1.900
p.ind[3,1]    -1.408  0.409  1.618
p.ind[3,2]     1.446 -1.514 -1.917
p.ind[3,3]    -0.874  2.613  1.255
p.ind[3,4]    -1.445  0.966  2.291
p.ind[4,1]    -1.791  0.255  1.514
p.ind[4,2]     1.616 -1.250 -1.670
p.ind[4,3]    -0.907  2.092  1.243
p.ind[4,4]    -1.525  0.824  1.955
p.ind[5,1]    -2.798 -0.845  1.391
p.ind[5,2]     1.557 -0.009 -1.541
p.ind[5,3]    -0.468  0.163  0.578
p.ind[5,4]    -1.011  0.671  1.772
p.ind[6,1]    -1.027  0.488  1.729
p.ind[6,2]     1.302 -1.607 -2.654
p.ind[6,3]    -0.631  2.563  1.091
p.ind[6,4]    -1.362  0.910  2.354
p.ind[7,1]    -0.418  1.847  1.508
p.ind[7,2]     1.010 -1.930 -1.970
p.ind[7,3]    -0.474  1.805  0.160
p.ind[7,4]    -1.237  0.609  2.429
p.ind[8,1]    -2.844 -0.985  1.472
p.ind[8,2]     1.600  0.210 -1.516
p.ind[8,3]    -0.413  0.041  0.520
p.ind[8,4]    -0.889  0.508  1.662
p.ind[9,1]    -2.801 -1.127  1.271
p.ind[9,2]     1.412  0.596 -1.523
p.ind[9,3]    -0.304 -0.189  0.536
p.ind[9,4]    -0.697  0.210  1.591
