
################################################################################
# Gelman-Rubin Diagnostic
################################################################################

Generally the Gelman diagnostic should be < 1.05


Out of 106 variables: 19 > 1.01

                      
0 > 1.05

                      
0 > 1.1


The worst variables are:

              Point est. Upper C.I.
ilr.global[1]   1.035057   1.072587
p.ind[15,1]     1.023923   1.059009
p.global[1]     1.023162   1.057439
p.ind[11,1]     1.022796   1.056670
p.ind[19,1]     1.019112   1.048703
ilr.global[2]   1.018400   1.038673
ilr.global[3]   1.016829   1.039767
p.ind[6,1]      1.016008   1.040611
p.ind[10,1]     1.012828   1.033807
p.ind[17,1]     1.012308   1.033455


And here are the Gelman diagnostics for all variables:

              Point est. Upper C.I.
deviance       1.0012329  1.0051565
ilr.cont1[1]   1.0048810  1.0105467
ilr.cont1[2]   1.0081243  1.0143418
ilr.cont1[3]   1.0079510  1.0130407
ilr.global[1]  1.0350570  1.0725867
ilr.global[2]  1.0183998  1.0386725
ilr.global[3]  1.0168292  1.0397673
loglik[1]      0.9997869  0.9998215
loglik[10]     1.0020832  1.0070297
loglik[11]     0.9999006  1.0001870
loglik[12]     0.9999495  1.0007451
loglik[13]     1.0001772  1.0006004
loglik[14]     0.9998414  1.0003019
loglik[15]     0.9998772  1.0000195
loglik[16]     1.0023758  1.0091507
loglik[17]     1.0020586  1.0081473
loglik[18]     1.0018551  1.0052600
loglik[19]     1.0020953  1.0076399
loglik[2]      1.0027380  1.0099395
loglik[3]      1.0022377  1.0074030
loglik[4]      1.0030090  1.0086526
loglik[5]      1.0017065  1.0049131
loglik[6]      1.0009577  1.0040933
loglik[7]      1.0005844  1.0034010
loglik[8]      1.0002476  1.0012659
loglik[9]      1.0024086  1.0089612
p.global[1]    1.0231623  1.0574387
p.global[2]    1.0105822  1.0362404
p.global[3]    1.0022802  1.0082257
p.global[4]    1.0034882  1.0140157
p.ind[1,1]     1.0045859  1.0148287
p.ind[1,2]     1.0064430  1.0238063
p.ind[1,3]     1.0025132  1.0101623
p.ind[1,4]     1.0015026  1.0062231
p.ind[10,1]    1.0128276  1.0338070
p.ind[10,2]    1.0039576  1.0145970
p.ind[10,3]    1.0001606  1.0014538
p.ind[10,4]    1.0021073  1.0090420
p.ind[11,1]    1.0227959  1.0566697
p.ind[11,2]    1.0106620  1.0365281
p.ind[11,3]    1.0023474  1.0084890
p.ind[11,4]    1.0035182  1.0141224
p.ind[12,1]    1.0115269  1.0310065
p.ind[12,2]    1.0035833  1.0133276
p.ind[12,3]    1.0001558  1.0014185
p.ind[12,4]    1.0020346  1.0087770
p.ind[13,1]    1.0034032  1.0121846
p.ind[13,2]    1.0012151  1.0044704
p.ind[13,3]    1.0006217  1.0026313
p.ind[13,4]    1.0013634  1.0063351
p.ind[14,1]    1.0080142  1.0232893
p.ind[14,2]    1.0025672  1.0097699
p.ind[14,3]    1.0002176  1.0015273
p.ind[14,4]    1.0018120  1.0079651
p.ind[15,1]    1.0239232  1.0590092
p.ind[15,2]    1.0103700  1.0354909
p.ind[15,3]    1.0021165  1.0076086
p.ind[15,4]    1.0034131  1.0137477
p.ind[16,1]    1.0048026  1.0154240
p.ind[16,2]    1.0067083  1.0246837
p.ind[16,3]    1.0025724  1.0104095
p.ind[16,4]    1.0016122  1.0066295
p.ind[17,1]    1.0123076  1.0334550
p.ind[17,2]    1.0104690  1.0366817
p.ind[17,3]    1.0031072  1.0123614
p.ind[17,4]    1.0034208  1.0135154
p.ind[18,1]    1.0045519  1.0147344
p.ind[18,2]    1.0063994  1.0236618
p.ind[18,3]    1.0025034  1.0101209
p.ind[18,4]    1.0014849  1.0061572
p.ind[19,1]    1.0191123  1.0487030
p.ind[19,2]    1.0110364  1.0380254
p.ind[19,3]    1.0028031  1.0104949
p.ind[19,4]    1.0036825  1.0146812
p.ind[2,1]     1.0101228  1.0284398
p.ind[2,2]     1.0099137  1.0350158
p.ind[2,3]     1.0030945  1.0124543
p.ind[2,4]     1.0031355  1.0123753
p.ind[3,1]     1.0114685  1.0308804
p.ind[3,2]     1.0035665  1.0132702
p.ind[3,3]     1.0001559  1.0014177
p.ind[3,4]     1.0020313  1.0087648
p.ind[4,1]     1.0105725  1.0289373
p.ind[4,2]     1.0033088  1.0123843
p.ind[4,3]     1.0001609  1.0014157
p.ind[4,4]     1.0019787  1.0085730
p.ind[5,1]     1.0046332  1.0149595
p.ind[5,2]     1.0065028  1.0240042
p.ind[5,3]     1.0025267  1.0102186
p.ind[5,4]     1.0015271  1.0063139
p.ind[6,1]     1.0160083  1.0406107
p.ind[6,2]     1.0048889  1.0176855
p.ind[6,3]     1.0002249  1.0016776
p.ind[6,4]     1.0022753  1.0096548
p.ind[7,1]     1.0013818  1.0056828
p.ind[7,2]     1.0010769  1.0020682
p.ind[7,3]     1.0014955  1.0050529
p.ind[7,4]     1.0008893  1.0046030
p.ind[8,1]     1.0053582  1.0169076
p.ind[8,2]     1.0072994  1.0266323
p.ind[8,3]     1.0026979  1.0109325
p.ind[8,4]     1.0018662  1.0075710
p.ind[9,1]     1.0062873  1.0192846
p.ind[9,2]     1.0080771  1.0291769
p.ind[9,3]     1.0028478  1.0115509
p.ind[9,4]     1.0022207  1.0088894

################################################################################
# Geweke Diagnostic
################################################################################

The Geweke diagnostic is a standard z-score, so we'd expect 5% to be outside +/-1.96
Number of variables outside +/-1.96 in each chain (out of 
106
):


       Chain 1 Chain 2 Chain 3
Geweke      28      22      23


And here are the Geweke diagnostics for all variables:

              chain1 chain2 chain3
deviance       0.781  0.952  1.069
ilr.cont1[1]  -2.784 -2.478 -1.816
ilr.cont1[2]   0.160 -0.943  1.574
ilr.cont1[3]   0.388 -1.214  1.800
ilr.global[1]  1.164  2.027  1.517
ilr.global[2] -0.613  2.777  0.306
ilr.global[3] -0.969  2.494  0.274
loglik[1]      1.249 -0.778 -0.403
loglik[10]     0.297 -1.218 -1.375
loglik[11]    -0.281 -0.756 -2.346
loglik[12]    -1.090  0.237  1.021
loglik[13]     0.413  0.139  0.628
loglik[14]     0.451  1.138 -0.740
loglik[15]    -0.337  0.412 -0.619
loglik[16]    -1.848 -2.492 -0.873
loglik[17]    -1.161 -0.687  0.243
loglik[18]    -1.663 -2.027 -1.403
loglik[19]    -1.149 -1.025 -0.469
loglik[2]     -0.641 -1.490 -0.182
loglik[3]      0.931 -1.053 -1.409
loglik[4]     -0.153 -1.105 -0.307
loglik[5]     -1.046 -2.693 -1.994
loglik[6]      1.131 -1.037 -2.461
loglik[7]      0.554  0.724  1.671
loglik[8]     -1.346 -0.311 -0.699
loglik[9]     -1.544 -2.683 -1.407
p.global[1]    1.547  1.642  2.876
p.global[2]   -1.489 -1.546 -0.779
p.global[3]    1.190  0.149 -0.261
p.global[4]    2.125  0.659  0.677
p.ind[1,1]     2.222  1.985  3.755
p.ind[1,2]    -2.449 -2.173 -1.355
p.ind[1,3]     0.743  1.194  0.175
p.ind[1,4]     2.788  1.543  1.448
p.ind[10,1]   -0.073  1.380  2.263
p.ind[10,2]   -0.962 -0.810 -0.407
p.ind[10,3]    0.896 -0.478 -1.405
p.ind[10,4]    1.035  1.159  0.639
p.ind[11,1]    1.553  1.644  2.895
p.ind[11,2]   -1.498 -1.557 -0.786
p.ind[11,3]    1.188  0.171 -0.250
p.ind[11,4]    2.152  0.662  0.681
p.ind[12,1]   -0.216  1.311  2.236
p.ind[12,2]   -0.851 -0.767 -0.352
p.ind[12,3]    0.811 -0.501 -1.508
p.ind[12,4]    0.977  1.148  0.600
p.ind[13,1]   -1.552  0.495  1.852
p.ind[13,2]    0.209 -0.333  0.539
p.ind[13,3]    0.047 -0.576 -2.478
p.ind[13,4]    0.567  1.071  0.132
p.ind[14,1]   -0.661  1.072  2.136
p.ind[14,2]   -0.495 -0.628 -0.156
p.ind[14,3]    0.549 -0.541 -1.867
p.ind[14,4]    0.820  1.119  0.480
p.ind[15,1]    1.494  1.639  2.836
p.ind[15,2]   -1.470 -1.377 -0.763
p.ind[15,3]    1.193  0.098 -0.323
p.ind[15,4]    2.057  0.653  0.668
p.ind[16,1]    2.195  2.267  3.765
p.ind[16,2]   -2.414 -2.157 -1.330
p.ind[16,3]    0.767  1.170  0.158
p.ind[16,4]    2.784  1.555  1.430
p.ind[17,1]    1.717  2.073  3.452
p.ind[17,2]   -2.224 -1.820 -1.049
p.ind[17,3]    1.180  0.674 -0.055
p.ind[17,4]    2.231  1.174  0.722
p.ind[18,1]    2.227  1.985  4.123
p.ind[18,2]   -2.455 -2.176 -1.359
p.ind[18,3]    0.739  1.197  0.178
p.ind[18,4]    2.789  1.541  1.451
p.ind[19,1]    1.501  1.681  3.026
p.ind[19,2]   -1.579 -1.646 -0.607
p.ind[19,3]    1.157  0.359 -0.166
p.ind[19,4]    2.345  0.709  0.724
p.ind[2,1]     1.809  2.123  3.601
p.ind[2,2]    -2.269 -1.892 -1.128
p.ind[2,3]     1.093  0.784 -0.018
p.ind[2,4]     2.620  1.406  0.773
p.ind[3,1]    -0.223  1.307  2.235
p.ind[3,2]    -0.845 -0.765 -0.349
p.ind[3,3]     0.808 -0.501 -1.513
p.ind[3,4]     0.975  1.148  0.598
p.ind[4,1]    -0.327  1.254  2.214
p.ind[4,2]    -0.763 -0.733 -0.310
p.ind[4,3]     0.746 -0.512 -1.589
p.ind[4,4]     0.935  1.141  0.568
p.ind[5,1]     2.216  1.985  3.758
p.ind[5,2]    -2.441 -2.170 -1.349
p.ind[5,3]     0.748  1.188  0.171
p.ind[5,4]     2.787  1.545  1.444
p.ind[6,1]     0.239  1.539  2.316
p.ind[6,2]    -1.042 -0.906 -0.489
p.ind[6,3]     1.086 -0.430 -1.185
p.ind[6,4]     1.182  1.184  0.719
p.ind[7,1]    -2.497 -0.293  1.320
p.ind[7,2]     0.871 -0.002  1.193
p.ind[7,3]    -0.427 -0.554 -2.920
p.ind[7,4]     0.356  1.156 -0.321
p.ind[8,1]     2.132  2.253  3.770
p.ind[8,2]    -2.331 -2.118 -1.275
p.ind[8,3]     0.824  1.100  0.121
p.ind[8,4]     2.771  1.562  1.389
p.ind[9,1]     2.045  2.224  3.745
p.ind[9,2]    -2.388 -2.061 -1.350
p.ind[9,3]     0.891  1.022  0.079
p.ind[9,4]     2.743  1.598  1.335
