
################################################################################
# Gelman-Rubin Diagnostic
################################################################################

Generally the Gelman diagnostic should be < 1.05


Out of 106 variables: 20 > 1.01

                      
0 > 1.05

                      
0 > 1.1


The worst variables are:

              Point est. Upper C.I.
ilr.global[1]   1.035080   1.099923
p.ind[11,1]     1.019054   1.055592
p.global[1]     1.018929   1.054762
p.ind[19,1]     1.018433   1.053056
p.ind[15,1]     1.017645   1.053024
p.ind[14,1]     1.017601   1.052925
p.ind[17,1]     1.017494   1.052681
ilr.global[2]   1.017335   1.046971
p.ind[4,1]      1.015325   1.047469
ilr.global[3]   1.014852   1.041376


And here are the Gelman diagnostics for all variables:

              Point est. Upper C.I.
deviance       1.0010756   1.003855
ilr.cont1[1]   1.0008958   1.001309
ilr.cont1[2]   1.0082682   1.012552
ilr.cont1[3]   1.0083401   1.010395
ilr.global[1]  1.0350803   1.099923
ilr.global[2]  1.0173347   1.046971
ilr.global[3]  1.0148516   1.041376
loglik[1]      1.0013336   1.002359
loglik[10]     1.0007179   1.003972
loglik[11]     1.0012863   1.003224
loglik[12]     1.0002523   1.001621
loglik[13]     0.9999755   1.000471
loglik[14]     1.0008582   1.002060
loglik[15]     1.0001499   1.000661
loglik[16]     1.0039168   1.011043
loglik[17]     1.0008140   1.003536
loglik[18]     1.0037769   1.014228
loglik[19]     1.0028654   1.010864
loglik[2]      1.0027239   1.010010
loglik[3]      1.0013885   1.005154
loglik[4]      1.0017670   1.005488
loglik[5]      1.0024595   1.009945
loglik[6]      1.0002671   1.001951
loglik[7]      1.0010444   1.004164
loglik[8]      1.0017082   1.003208
loglik[9]      1.0028427   1.006994
p.global[1]    1.0189289   1.054762
p.global[2]    1.0140549   1.047785
p.global[3]    1.0035108   1.013856
p.global[4]    1.0055250   1.020959
p.ind[1,1]     1.0041057   1.013902
p.ind[1,2]     1.0047043   1.018372
p.ind[1,3]     1.0023612   1.009095
p.ind[1,4]     1.0016289   1.006372
p.ind[10,1]    1.0088988   1.030514
p.ind[10,2]    1.0074202   1.026659
p.ind[10,3]    1.0010547   1.004578
p.ind[10,4]    1.0038341   1.014501
p.ind[11,1]    1.0190536   1.055592
p.ind[11,2]    1.0142850   1.048267
p.ind[11,3]    1.0032810   1.013109
p.ind[11,4]    1.0055119   1.021111
p.ind[12,1]    1.0048136   1.018583
p.ind[12,2]    1.0044835   1.016561
p.ind[12,3]    1.0005346   1.002503
p.ind[12,4]    1.0031248   1.011500
p.ind[13,1]    1.0046928   1.018197
p.ind[13,2]    1.0043939   1.016232
p.ind[13,3]    1.0005210   1.002443
p.ind[13,4]    1.0030986   1.011394
p.ind[14,1]    1.0176014   1.052925
p.ind[14,2]    1.0135870   1.045795
p.ind[14,3]    1.0025882   1.010576
p.ind[14,4]    1.0051850   1.020104
p.ind[15,1]    1.0176452   1.053024
p.ind[15,2]    1.0136140   1.045880
p.ind[15,3]    1.0026007   1.010625
p.ind[15,4]    1.0051932   1.020134
p.ind[16,1]    1.0017451   1.006886
p.ind[16,2]    1.0031165   1.012608
p.ind[16,3]    1.0018380   1.007357
p.ind[16,4]    1.0012376   1.004553
p.ind[17,1]    1.0174936   1.052681
p.ind[17,2]    1.0135199   1.045584
p.ind[17,3]    1.0025579   1.010459
p.ind[17,4]    1.0051652   1.020030
p.ind[18,1]    1.0077710   1.024094
p.ind[18,2]    1.0069357   1.026116
p.ind[18,3]    1.0029541   1.011204
p.ind[18,4]    1.0025651   1.009742
p.ind[19,1]    1.0184331   1.053056
p.ind[19,2]    1.0136130   1.046639
p.ind[19,3]    1.0036625   1.014296
p.ind[19,4]    1.0054511   1.020474
p.ind[2,1]     1.0135047   1.039339
p.ind[2,2]     1.0103441   1.037086
p.ind[2,3]     1.0036060   1.013681
p.ind[2,4]     1.0042413   1.015521
p.ind[3,1]     1.0116761   1.038040
p.ind[3,2]     1.0094293   1.033057
p.ind[3,3]     1.0014543   1.006122
p.ind[3,4]     1.0042478   1.016281
p.ind[4,1]     1.0153254   1.047469
p.ind[4,2]     1.0120624   1.041114
p.ind[4,3]     1.0020682   1.008535
p.ind[4,4]     1.0047995   1.018592
p.ind[5,1]     1.0037485   1.012871
p.ind[5,2]     1.0044770   1.017558
p.ind[5,3]     1.0022925   1.008860
p.ind[5,4]     1.0015556   1.006074
p.ind[6,1]     1.0075929   1.026855
p.ind[6,2]     1.0064858   1.023562
p.ind[6,3]     1.0008791   1.003898
p.ind[6,4]     1.0036297   1.013621
p.ind[7,1]     1.0028601   1.011375
p.ind[7,2]     1.0028864   1.010327
p.ind[7,3]     1.0003631   1.001499
p.ind[7,4]     1.0025487   1.009278
p.ind[8,1]     1.0025157   1.009240
p.ind[8,2]     1.0036639   1.014615
p.ind[8,3]     1.0020310   1.007982
p.ind[8,4]     1.0013397   1.005107
p.ind[9,1]     1.0011466   1.004961
p.ind[9,2]     1.0026433   1.010853
p.ind[9,3]     1.0016569   1.006789
p.ind[9,4]     1.0011777   1.004144

################################################################################
# Geweke Diagnostic
################################################################################

The Geweke diagnostic is a standard z-score, so we'd expect 5% to be outside +/-1.96
Number of variables outside +/-1.96 in each chain (out of 
106
):


       Chain 1 Chain 2 Chain 3
Geweke      55       3       0


And here are the Geweke diagnostics for all variables:

              chain1 chain2 chain3
deviance      -1.385  0.840 -0.363
ilr.cont1[1]   0.996  0.271  0.597
ilr.cont1[2]   0.191 -0.181 -0.295
ilr.cont1[3]   0.002 -0.268 -0.441
ilr.global[1] -1.888  0.524 -1.014
ilr.global[2]  0.177  0.679 -0.686
ilr.global[3]  0.235  0.652 -0.874
loglik[1]      0.097 -2.388 -0.413
loglik[10]    -0.321 -0.241  1.526
loglik[11]     1.525 -2.042  1.071
loglik[12]     1.135  0.006  0.685
loglik[13]     0.873  0.150  0.924
loglik[14]     1.515 -1.744  1.227
loglik[15]     2.169 -1.690  0.815
loglik[16]     1.665 -0.046 -0.197
loglik[17]     1.641  0.844 -0.086
loglik[18]     2.207 -0.635  0.470
loglik[19]     3.337 -0.528  0.307
loglik[2]      2.732 -0.902 -0.286
loglik[3]     -1.802 -0.035  0.821
loglik[4]     -0.289  0.762  0.844
loglik[5]      1.958 -2.128 -0.106
loglik[6]     -1.199 -0.600  0.397
loglik[7]      1.374  0.235  0.370
loglik[8]      0.324  0.905  0.669
loglik[9]      1.223  0.089  0.151
p.global[1]   -1.336  0.858 -0.852
p.global[2]    2.679 -0.252  0.725
p.global[3]   -2.931  0.161 -0.569
p.global[4]   -2.855 -0.274 -0.652
p.ind[1,1]    -1.645  0.935 -0.853
p.ind[1,2]     2.523  0.174  0.858
p.ind[1,3]    -1.587 -0.080 -0.184
p.ind[1,4]    -2.873 -0.753 -0.885
p.ind[10,1]   -2.316  1.412 -0.833
p.ind[10,2]    2.650 -0.545  0.629
p.ind[10,3]   -1.989  0.340 -0.567
p.ind[10,4]   -1.376 -0.005 -0.009
p.ind[11,1]   -1.406  1.322 -0.850
p.ind[11,2]    2.712 -0.278  0.609
p.ind[11,3]   -2.998  0.181 -0.647
p.ind[11,4]   -2.722 -0.239 -0.597
p.ind[12,1]   -2.366  1.087 -0.623
p.ind[12,2]    2.216 -0.633  0.412
p.ind[12,3]   -1.607  0.388 -0.401
p.ind[12,4]   -0.902  0.090  0.174
p.ind[13,1]   -2.362  1.083 -0.612
p.ind[13,2]    2.198 -0.636  0.401
p.ind[13,3]   -1.590  0.391 -0.395
p.ind[13,4]   -0.885  0.094  0.180
p.ind[14,1]   -1.891  1.299 -0.956
p.ind[14,2]    3.027 -0.347  0.617
p.ind[14,3]   -3.059  0.222 -0.678
p.ind[14,4]   -2.343 -0.211 -0.442
p.ind[15,1]   -1.889  1.298 -0.956
p.ind[15,2]    3.027 -0.346  0.616
p.ind[15,3]   -3.059  0.221 -0.677
p.ind[15,4]   -2.350 -0.213 -0.445
p.ind[16,1]   -1.505  0.743 -0.936
p.ind[16,2]    2.494  0.274  0.806
p.ind[16,3]   -1.188 -0.110 -0.040
p.ind[16,4]   -2.520 -1.161 -0.891
p.ind[17,1]   -1.896  1.303 -0.955
p.ind[17,2]    3.025 -0.350  0.617
p.ind[17,3]   -3.058  0.224 -0.678
p.ind[17,4]   -2.326 -0.207 -0.435
p.ind[18,1]   -1.535  1.053 -0.860
p.ind[18,2]    2.683  0.034  0.866
p.ind[18,3]   -2.045 -0.021 -0.277
p.ind[18,4]   -3.189 -0.581 -0.866
p.ind[19,1]   -1.291  1.261 -1.111
p.ind[19,2]    2.659 -0.255  0.727
p.ind[19,3]   -2.853  0.142 -0.546
p.ind[19,4]   -2.957 -0.308 -0.698
p.ind[2,1]    -1.348  1.113 -1.066
p.ind[2,2]     2.760 -0.113  0.690
p.ind[2,3]    -2.409  0.057 -0.413
p.ind[2,4]    -3.050 -0.404 -0.698
p.ind[3,1]    -2.193  1.396 -0.932
p.ind[3,2]     2.840 -0.487  0.710
p.ind[3,3]    -2.542  0.277 -0.633
p.ind[3,4]    -1.657 -0.061 -0.123
p.ind[4,1]    -1.989  1.357 -0.947
p.ind[4,2]     3.029 -0.406  0.714
p.ind[4,3]    -2.998  0.247 -0.653
p.ind[4,4]    -2.042 -0.142 -0.275
p.ind[5,1]    -1.638  0.915 -0.849
p.ind[5,2]     2.497  0.191  0.854
p.ind[5,3]    -1.535 -0.085 -0.166
p.ind[5,4]    -2.831 -0.775 -0.885
p.ind[6,1]    -2.356  1.130 -0.773
p.ind[6,2]     2.539 -0.572  0.575
p.ind[6,3]    -1.928  0.351 -0.522
p.ind[6,4]    -1.238  0.022  0.046
p.ind[7,1]    -2.479  0.970 -0.343
p.ind[7,2]     1.797 -0.777  0.176
p.ind[7,3]    -1.241  0.444 -0.266
p.ind[7,4]    -0.543  0.174  0.296
p.ind[8,1]    -1.579  0.826 -0.979
p.ind[8,2]     2.382  0.227  0.832
p.ind[8,3]    -1.336 -0.101 -0.094
p.ind[8,4]    -2.659 -1.099 -0.878
p.ind[9,1]    -1.412  0.732 -0.890
p.ind[9,2]     2.353  0.320  0.817
p.ind[9,3]    -1.049 -0.116  0.012
p.ind[9,4]    -2.458 -1.217 -0.870
