
################################################################################
# Gelman-Rubin Diagnostic
################################################################################

Generally the Gelman diagnostic should be < 1.05


Out of 106 variables: 4 > 1.01

                      
0 > 1.05

                      
0 > 1.1


The worst variables are:

              Point est. Upper C.I.
ilr.global[2]   1.036169   1.066868
ilr.global[3]   1.032915   1.060230
ilr.global[1]   1.013483   1.020423
ilr.cont1[2]    1.011439   1.020002
ilr.cont1[3]    1.008937   1.013353
ilr.cont1[1]    1.004477   1.008711
p.ind[16,4]     1.002258   1.005768
p.ind[9,4]      1.002251   1.005977
loglik[16]      1.002249   1.002446
p.ind[5,4]      1.002248   1.005268


And here are the Gelman diagnostics for all variables:

              Point est. Upper C.I.
deviance       1.0013083   1.002542
ilr.cont1[1]   1.0044765   1.008711
ilr.cont1[2]   1.0114387   1.020002
ilr.cont1[3]   1.0089371   1.013353
ilr.global[1]  1.0134834   1.020423
ilr.global[2]  1.0361689   1.066868
ilr.global[3]  1.0329155   1.060230
loglik[1]      1.0018381   1.004410
loglik[10]     1.0000079   1.000022
loglik[11]     0.9997605   1.000180
loglik[12]     1.0005582   1.003179
loglik[13]     1.0005733   1.002132
loglik[14]     0.9997716   1.000249
loglik[15]     0.9998172   1.000213
loglik[16]     1.0022495   1.002446
loglik[17]     1.0012242   1.002954
loglik[18]     1.0008305   1.001102
loglik[19]     0.9998093   1.000228
loglik[2]      1.0000158   1.001232
loglik[3]      1.0007815   1.002521
loglik[4]      1.0018048   1.003824
loglik[5]      1.0015346   1.001964
loglik[6]      1.0001985   1.001810
loglik[7]      1.0007596   1.003982
loglik[8]      1.0009641   1.002734
loglik[9]      1.0019107   1.002213
p.global[1]    1.0002170   1.001873
p.global[2]    1.0002244   1.000298
p.global[3]    0.9999178   1.000509
p.global[4]    1.0003014   1.000357
p.ind[1,1]     1.0020196   1.005049
p.ind[1,2]     0.9999103   1.000397
p.ind[1,3]     1.0001348   1.001788
p.ind[1,4]     1.0022005   1.004768
p.ind[10,1]    1.0006114   1.000967
p.ind[10,2]    1.0009120   1.004383
p.ind[10,3]    1.0010443   1.005086
p.ind[10,4]    1.0005406   1.002776
p.ind[11,1]    1.0002921   1.001800
p.ind[11,2]    1.0001862   1.000318
p.ind[11,3]    0.9999103   1.000503
p.ind[11,4]    1.0001940   1.000298
p.ind[12,1]    1.0006568   1.001032
p.ind[12,2]    1.0008323   1.004119
p.ind[12,3]    1.0009604   1.004790
p.ind[12,4]    1.0005237   1.002715
p.ind[13,1]    1.0004159   1.000692
p.ind[13,2]    1.0013401   1.005704
p.ind[13,3]    1.0014715   1.006538
p.ind[13,4]    1.0006209   1.003040
p.ind[14,1]    1.0003162   1.001790
p.ind[14,2]    1.0001759   1.000325
p.ind[14,3]    0.9999090   1.000508
p.ind[14,4]    1.0001753   1.000300
p.ind[15,1]    1.0006310   1.001801
p.ind[15,2]    1.0000732   1.000468
p.ind[15,3]    0.9999159   1.000682
p.ind[15,4]    1.0001035   1.000568
p.ind[16,1]    1.0021684   1.005000
p.ind[16,2]    0.9999143   1.000900
p.ind[16,3]    1.0002431   1.001985
p.ind[16,4]    1.0022583   1.005768
p.ind[17,1]    1.0005459   1.001786
p.ind[17,2]    1.0000961   1.000416
p.ind[17,3]    0.9999099   1.000616
p.ind[17,4]    1.0001047   1.000466
p.ind[18,1]    1.0014504   1.004275
p.ind[18,2]    1.0000176   1.000245
p.ind[18,3]    1.0000532   1.001451
p.ind[18,4]    1.0019396   1.003638
p.ind[19,1]    1.0001957   1.002006
p.ind[19,2]    1.0002487   1.000287
p.ind[19,3]    0.9999272   1.000551
p.ind[19,4]    1.0004534   1.000529
p.ind[2,1]     1.0004171   1.002631
p.ind[2,2]     1.0002304   1.000261
p.ind[2,3]     0.9999576   1.000801
p.ind[2,4]     1.0010036   1.001436
p.ind[3,1]     1.0009613   1.001856
p.ind[3,2]     1.0000375   1.000882
p.ind[3,3]     0.9999989   1.001171
p.ind[3,4]     1.0001781   1.001170
p.ind[4,1]     1.0006817   1.001811
p.ind[4,2]     1.0000614   1.000505
p.ind[4,3]     0.9999214   1.000728
p.ind[4,4]     1.0001067   1.000637
p.ind[5,1]     1.0021580   1.005181
p.ind[5,2]     0.9998893   1.000580
p.ind[5,3]     1.0001797   1.001905
p.ind[5,4]     1.0022476   1.005268
p.ind[6,1]     1.0007775   1.001208
p.ind[6,2]     1.0006403   1.003461
p.ind[6,3]     1.0007536   1.004051
p.ind[6,4]     1.0004790   1.002548
p.ind[7,1]     1.0005196   1.000837
p.ind[7,2]     1.0010920   1.004960
p.ind[7,3]     1.0012288   1.005726
p.ind[7,4]     1.0005762   1.002897
p.ind[8,1]     1.0021361   1.005172
p.ind[8,2]     0.9998917   1.000525
p.ind[8,3]     1.0001679   1.001880
p.ind[8,4]     1.0022399   1.005146
p.ind[9,1]     1.0021603   1.004792
p.ind[9,2]     0.9999598   1.001104
p.ind[9,3]     1.0002862   1.002010
p.ind[9,4]     1.0022510   1.005977

################################################################################
# Geweke Diagnostic
################################################################################

The Geweke diagnostic is a standard z-score, so we'd expect 5% to be outside +/-1.96
Number of variables outside +/-1.96 in each chain (out of 
106
):


       Chain 1 Chain 2 Chain 3
Geweke      20       1      24


And here are the Geweke diagnostics for all variables:

              chain1 chain2 chain3
deviance      -1.034  0.273  1.209
ilr.cont1[1]  -0.724  0.812 -1.438
ilr.cont1[2]  -0.623  0.424 -1.111
ilr.cont1[3]  -0.605  0.258 -0.284
ilr.global[1] -0.358 -0.402  1.435
ilr.global[2]  0.064 -0.969  1.390
ilr.global[3] -0.121 -0.716  1.368
loglik[1]      2.291 -0.641  0.096
loglik[10]     0.781 -0.560  0.907
loglik[11]     2.476  0.222 -1.572
loglik[12]     2.913  0.193 -0.645
loglik[13]     2.581 -0.322  0.047
loglik[14]     2.489  0.275 -1.643
loglik[15]     2.408  0.469 -1.504
loglik[16]     1.157  1.366 -2.029
loglik[17]     1.139  0.587 -0.204
loglik[18]     1.186  0.851 -1.499
loglik[19]     2.294  0.994 -1.174
loglik[2]      1.869  0.801 -0.774
loglik[3]     -1.697 -0.331  1.563
loglik[4]     -0.360  0.241  0.792
loglik[5]      3.201  0.899 -1.427
loglik[6]     -1.919 -0.503  1.097
loglik[7]      2.561  0.140 -0.643
loglik[8]     -0.148  0.824 -1.940
loglik[9]      1.179  1.360 -2.306
p.global[1]   -0.796 -0.421  1.848
p.global[2]    0.605  0.448 -1.747
p.global[3]   -1.830 -0.365  1.854
p.global[4]    0.661 -1.105  0.994
p.ind[1,1]    -1.320 -0.899  2.121
p.ind[1,2]    -0.061  0.743 -1.984
p.ind[1,3]    -0.293  0.027  0.408
p.ind[1,4]     1.504 -1.996  2.201
p.ind[10,1]   -0.750 -0.139  0.585
p.ind[10,2]    0.818  0.206 -0.878
p.ind[10,3]   -2.349 -0.155  1.647
p.ind[10,4]    0.365 -0.307 -0.541
p.ind[11,1]   -0.778 -0.340  1.787
p.ind[11,2]    0.621  0.433 -1.687
p.ind[11,3]   -1.961 -0.371  1.915
p.ind[11,4]    0.616 -1.013  1.074
p.ind[12,1]   -0.755 -0.149  0.569
p.ind[12,2]    0.812  0.213 -0.908
p.ind[12,3]   -2.368 -0.160  1.675
p.ind[12,4]    0.367 -0.320 -0.527
p.ind[13,1]   -0.716 -0.087  0.387
p.ind[13,2]    0.838  0.173 -0.834
p.ind[13,3]   -2.250 -0.140  1.537
p.ind[13,4]    0.356 -0.259 -0.585
p.ind[14,1]   -0.773 -0.334  1.774
p.ind[14,2]    0.627  0.429 -1.674
p.ind[14,3]   -1.990 -0.371  1.927
p.ind[14,4]    0.606 -0.995  1.023
p.ind[15,1]   -0.749 -0.290  1.431
p.ind[15,2]    0.599  0.405 -1.574
p.ind[15,3]   -2.236 -0.378  1.998
p.ind[15,4]    0.500 -0.647  0.553
p.ind[16,1]   -1.434 -1.248  3.228
p.ind[16,2]   -0.651  0.991 -2.340
p.ind[16,3]    0.123  0.231 -0.082
p.ind[16,4]    1.706 -1.760  2.997
p.ind[17,1]   -0.752 -0.300  1.464
p.ind[17,2]    0.590  0.411 -1.603
p.ind[17,3]   -2.183 -0.386  1.988
p.ind[17,4]    0.538 -0.862  0.662
p.ind[18,1]   -1.106 -0.708  1.987
p.ind[18,2]    0.221  0.634 -1.802
p.ind[18,3]   -0.678 -0.094  0.824
p.ind[18,4]    1.286 -1.735  1.934
p.ind[19,1]   -0.832 -0.436  1.917
p.ind[19,2]    0.581  0.467 -1.814
p.ind[19,3]   -1.692 -0.288  1.613
p.ind[19,4]    0.709 -1.183  1.133
p.ind[2,1]    -0.970 -0.500  2.145
p.ind[2,2]     0.529  0.538 -2.025
p.ind[2,3]    -1.321 -0.236  1.344
p.ind[2,4]     0.840 -1.384  1.466
p.ind[3,1]    -0.752 -0.250  1.239
p.ind[3,2]     0.649  0.321 -1.443
p.ind[3,3]    -2.405 -0.323  2.073
p.ind[3,4]     0.427 -0.716  0.127
p.ind[4,1]    -0.748 -0.284  1.412
p.ind[4,2]     0.605  0.354 -1.557
p.ind[4,3]    -2.265 -0.372  2.002
p.ind[4,4]     0.489 -0.627  0.490
p.ind[5,1]    -1.542 -1.042  2.207
p.ind[5,2]    -0.264  0.809 -2.125
p.ind[5,3]    -0.092  0.117  0.182
p.ind[5,4]     1.604 -1.914  2.340
p.ind[6,1]    -0.700 -0.171  0.670
p.ind[6,2]     0.795  0.230 -0.992
p.ind[6,3]    -2.385 -0.175  1.732
p.ind[6,4]     0.374 -0.356 -0.481
p.ind[7,1]    -0.736 -0.117  0.517
p.ind[7,2]     0.828  0.191 -0.817
p.ind[7,3]    -2.306 -0.147  1.594
p.ind[7,4]     0.360 -0.284 -0.565
p.ind[8,1]    -1.537 -1.002  2.184
p.ind[8,2]    -0.208  0.792 -2.085
p.ind[8,3]    -0.143  0.092  0.240
p.ind[8,4]     1.580 -1.940  2.305
p.ind[9,1]    -1.341 -1.392  3.198
p.ind[9,2]    -0.838  1.012 -2.468
p.ind[9,3]     0.214  0.290 -0.235
p.ind[9,4]     1.722 -1.660  3.020
