
################################################################################
# Gelman-Rubin Diagnostic
################################################################################

Generally the Gelman diagnostic should be < 1.05


Out of 106 variables: 3 > 1.01

                      
0 > 1.05

                      
0 > 1.1


The worst variables are:

              Point est. Upper C.I.
ilr.global[3]   1.036043   1.097856
ilr.global[2]   1.034875   1.091046
ilr.global[1]   1.018474   1.025174
p.ind[7,1]      1.008156   1.019561
p.ind[13,1]     1.007825   1.019805
p.ind[12,1]     1.007804   1.019797
ilr.cont1[3]    1.007527   1.008782
p.ind[6,1]      1.007238   1.019152
p.ind[10,1]     1.006896   1.018588
ilr.cont1[2]    1.006380   1.008010


And here are the Gelman diagnostics for all variables:

              Point est. Upper C.I.
deviance       1.0016078  1.0034105
ilr.cont1[1]   1.0057088  1.0078870
ilr.cont1[2]   1.0063796  1.0080096
ilr.cont1[3]   1.0075269  1.0087825
ilr.global[1]  1.0184745  1.0251741
ilr.global[2]  1.0348747  1.0910464
ilr.global[3]  1.0360434  1.0978563
loglik[1]      1.0003473  1.0025783
loglik[10]     0.9999074  1.0005798
loglik[11]     1.0004745  1.0019009
loglik[12]     1.0001224  1.0003717
loglik[13]     1.0001401  1.0006222
loglik[14]     1.0004475  1.0019990
loglik[15]     1.0007880  1.0040863
loglik[16]     1.0015501  1.0042821
loglik[17]     1.0062450  1.0170863
loglik[18]     1.0029744  1.0077712
loglik[19]     1.0036239  1.0090767
loglik[2]      1.0013708  1.0043313
loglik[3]      0.9996390  0.9998977
loglik[4]      1.0014660  1.0061686
loglik[5]      1.0009443  1.0026794
loglik[6]      1.0011192  1.0029078
loglik[7]      1.0000841  1.0006092
loglik[8]      1.0003678  1.0019043
loglik[9]      1.0010134  1.0032511
p.global[1]    1.0027515  1.0074705
p.global[2]    1.0052387  1.0164556
p.global[3]    1.0025910  1.0074367
p.global[4]    1.0035719  1.0136429
p.ind[1,1]     1.0015471  1.0023905
p.ind[1,2]     1.0011958  1.0042423
p.ind[1,3]     1.0006005  1.0019011
p.ind[1,4]     1.0008547  1.0044484
p.ind[10,1]    1.0068958  1.0185881
p.ind[10,2]    1.0021987  1.0083640
p.ind[10,3]    0.9999888  1.0010909
p.ind[10,4]    1.0007662  1.0040890
p.ind[11,1]    1.0029088  1.0083836
p.ind[11,2]    1.0051752  1.0164076
p.ind[11,3]    1.0024739  1.0072719
p.ind[11,4]    1.0033539  1.0129313
p.ind[12,1]    1.0078044  1.0197973
p.ind[12,2]    1.0014966  1.0059796
p.ind[12,3]    0.9997466  1.0002937
p.ind[12,4]    1.0001222  1.0017215
p.ind[13,1]    1.0078246  1.0198046
p.ind[13,2]    1.0014783  1.0059157
p.ind[13,3]    0.9997458  1.0002894
p.ind[13,4]    1.0001038  1.0016514
p.ind[14,1]    1.0037328  1.0113340
p.ind[14,2]    1.0045150  1.0149206
p.ind[14,3]    1.0017559  1.0057453
p.ind[14,4]    1.0026029  1.0104516
p.ind[15,1]    1.0037133  1.0112756
p.ind[15,2]    1.0045310  1.0149599
p.ind[15,3]    1.0017717  1.0057817
p.ind[15,4]    1.0026173  1.0105000
p.ind[16,1]    1.0005635  1.0010979
p.ind[16,2]    1.0005467  1.0020188
p.ind[16,3]    1.0002808  1.0010782
p.ind[16,4]    1.0001300  1.0016449
p.ind[17,1]    1.0037805  1.0114757
p.ind[17,2]    1.0044759  1.0148242
p.ind[17,3]    1.0017175  1.0056563
p.ind[17,4]    1.0025679  1.0103345
p.ind[18,1]    1.0024688  1.0038548
p.ind[18,2]    1.0022749  1.0076666
p.ind[18,3]    1.0010971  1.0032000
p.ind[18,4]    1.0019437  1.0083767
p.ind[19,1]    1.0026897  1.0068063
p.ind[19,2]    1.0051722  1.0161839
p.ind[19,3]    1.0025906  1.0073316
p.ind[19,4]    1.0036932  1.0140442
p.ind[2,1]     1.0028021  1.0051653
p.ind[2,2]     1.0039158  1.0125361
p.ind[2,3]     1.0019063  1.0053483
p.ind[2,4]     1.0032632  1.0127732
p.ind[3,1]     1.0060283  1.0169314
p.ind[3,2]     1.0028019  1.0102411
p.ind[3,3]     1.0003429  1.0021407
p.ind[3,4]     1.0012471  1.0057980
p.ind[4,1]     1.0046774  1.0138862
p.ind[4,2]     1.0037723  1.0129989
p.ind[4,3]     1.0010748  1.0040969
p.ind[4,4]     1.0019884  1.0083703
p.ind[5,1]     1.0014158  1.0022082
p.ind[5,2]     1.0010921  1.0039016
p.ind[5,3]     1.0005523  1.0017762
p.ind[5,4]     1.0007417  1.0040290
p.ind[6,1]     1.0072377  1.0191524
p.ind[6,2]     1.0019529  1.0075519
p.ind[6,3]     0.9998740  1.0007261
p.ind[6,4]     1.0005542  1.0033223
p.ind[7,1]     1.0081562  1.0195615
p.ind[7,2]     1.0012082  1.0049551
p.ind[7,3]     0.9998571  1.0005948
p.ind[7,4]     0.9998249  1.0005086
p.ind[8,1]     1.0009100  1.0015350
p.ind[8,2]     1.0007457  1.0027335
p.ind[8,3]     1.0003857  1.0013469
p.ind[8,4]     1.0003548  1.0025599
p.ind[9,1]     1.0002933  1.0007757
p.ind[9,2]     1.0004114  1.0014747
p.ind[9,3]     1.0001970  1.0008643
p.ind[9,4]     0.9999838  1.0009513

################################################################################
# Geweke Diagnostic
################################################################################

The Geweke diagnostic is a standard z-score, so we'd expect 5% to be outside +/-1.96
Number of variables outside +/-1.96 in each chain (out of 
106
):


       Chain 1 Chain 2 Chain 3
Geweke      61      26       0


And here are the Geweke diagnostics for all variables:

              chain1 chain2 chain3
deviance      -0.583  2.380  1.008
ilr.cont1[1]  -1.798  1.046 -0.553
ilr.cont1[2]  -1.817  0.755 -1.245
ilr.cont1[3]  -1.830  1.042 -1.063
ilr.global[1] -3.872  1.938  0.591
ilr.global[2] -3.272  2.370  0.685
ilr.global[3] -2.923  2.433  0.751
loglik[1]     -0.617 -0.847 -0.117
loglik[10]     2.528 -0.779 -0.469
loglik[11]     2.010 -1.862  0.123
loglik[12]     1.119 -1.185 -0.930
loglik[13]     1.236 -0.886 -1.069
loglik[14]     2.573 -2.121  0.129
loglik[15]     2.071 -2.895 -0.011
loglik[16]     0.669  1.135 -0.152
loglik[17]     0.025  0.996 -0.953
loglik[18]     1.427  0.719 -1.172
loglik[19]     1.054  0.339 -0.699
loglik[2]     -0.289  0.973 -0.463
loglik[3]      0.513  0.871  0.077
loglik[4]      0.482  1.238 -0.433
loglik[5]      0.908  0.430 -0.820
loglik[6]      0.943 -0.381  0.963
loglik[7]     -0.001 -0.841 -0.892
loglik[8]      1.616 -0.870 -0.467
loglik[9]      0.902  0.511 -0.068
p.global[1]   -5.721  1.867  0.677
p.global[2]    3.714 -1.389 -0.704
p.global[3]   -1.597  0.868  0.056
p.global[4]   -3.930  0.917  1.027
p.ind[1,1]    -4.149  1.420  0.578
p.ind[1,2]     1.900 -0.611 -0.266
p.ind[1,3]     0.140 -0.751 -0.466
p.ind[1,4]    -2.348  0.640  0.634
p.ind[10,1]   -6.981  2.529  0.651
p.ind[10,2]    4.354 -2.354 -0.816
p.ind[10,3]   -1.770  2.299  0.580
p.ind[10,4]   -3.320  1.144  0.548
p.ind[11,1]   -5.756  1.979  0.603
p.ind[11,2]    3.834 -1.519 -0.703
p.ind[11,3]   -1.712  1.077  0.112
p.ind[11,4]   -4.151  0.958  0.989
p.ind[12,1]   -5.503  2.622  0.434
p.ind[12,2]    4.136 -2.421 -0.787
p.ind[12,3]   -1.574  2.162  0.658
p.ind[12,4]   -2.837  1.074  0.497
p.ind[13,1]   -5.433  2.624  0.424
p.ind[13,2]    4.122 -2.421 -0.785
p.ind[13,3]   -1.566  2.156  0.661
p.ind[13,4]   -2.816  1.070  0.496
p.ind[14,1]   -6.656  1.940  0.603
p.ind[14,2]    4.023 -1.624 -0.743
p.ind[14,3]   -1.929  1.724  0.255
p.ind[14,4]   -4.095  1.068  0.877
p.ind[15,1]   -6.637  1.936  0.603
p.ind[15,2]    4.019 -1.619 -0.742
p.ind[15,3]   -1.928  1.717  0.252
p.ind[15,4]   -4.098  1.066  0.879
p.ind[16,1]   -2.650  1.256  0.506
p.ind[16,2]    1.512 -0.473 -0.107
p.ind[16,3]    0.422 -1.046 -0.518
p.ind[16,4]   -1.986  0.702  0.429
p.ind[17,1]   -6.702  1.949  0.604
p.ind[17,2]    4.034 -1.637 -0.745
p.ind[17,3]   -1.932  1.740  0.260
p.ind[17,4]   -4.088  1.071  0.871
p.ind[18,1]   -5.047  1.712  0.603
p.ind[18,2]    2.510 -0.788 -0.401
p.ind[18,3]   -0.280 -0.443 -0.338
p.ind[18,4]   -2.793  0.683  0.865
p.ind[19,1]   -5.842  1.809  0.674
p.ind[19,2]    3.476 -1.237 -0.686
p.ind[19,3]   -1.474  0.727  0.006
p.ind[19,4]   -3.872  0.880  1.065
p.ind[2,1]    -5.432  1.721  0.675
p.ind[2,2]     3.028 -1.029 -0.600
p.ind[2,3]    -0.927  0.049 -0.195
p.ind[2,4]    -3.387  0.743  1.109
p.ind[3,1]    -6.326  2.371  0.716
p.ind[3,2]     4.345 -2.243 -0.825
p.ind[3,3]    -1.868  2.114  0.506
p.ind[3,4]    -3.607  1.167  0.595
p.ind[4,1]    -5.967  2.118  0.607
p.ind[4,2]     4.201 -2.019 -0.771
p.ind[4,3]    -1.942  1.955  0.350
p.ind[4,4]    -3.929  1.227  0.778
p.ind[5,1]    -3.992  1.422  0.572
p.ind[5,2]     1.847 -0.590 -0.245
p.ind[5,3]     0.181 -0.780 -0.474
p.ind[5,4]    -2.298  0.637  0.607
p.ind[6,1]    -6.668  2.543  0.603
p.ind[6,2]     4.321 -2.390 -0.807
p.ind[6,3]    -1.713  2.267  0.603
p.ind[6,4]    -3.170  1.127  0.529
p.ind[7,1]    -4.356  2.720  0.211
p.ind[7,2]     3.790 -2.370 -0.732
p.ind[7,3]    -1.453  2.021  0.720
p.ind[7,4]    -2.409  1.106  0.554
p.ind[8,1]    -3.282  1.332  0.540
p.ind[8,2]     1.710 -0.512 -0.164
p.ind[8,3]     0.323 -0.979 -0.501
p.ind[8,4]    -2.114  0.712  0.505
p.ind[9,1]    -1.988  1.155  0.463
p.ind[9,2]     1.304 -0.410 -0.050
p.ind[9,3]     0.483 -0.991 -0.533
p.ind[9,4]    -1.877  0.696  0.358
