
################################################################################
# Gelman-Rubin Diagnostic
################################################################################

Generally the Gelman diagnostic should be < 1.05


Out of 106 variables: 5 > 1.01

                      
0 > 1.05

                      
0 > 1.1


The worst variables are:

              Point est. Upper C.I.
ilr.global[3]   1.037193   1.097707
ilr.global[2]   1.034037   1.090282
ilr.global[1]   1.023649   1.041753
ilr.cont1[3]    1.013717   1.024102
ilr.cont1[2]    1.012953   1.025540
ilr.cont1[1]    1.005393   1.012962
loglik[17]      1.004467   1.012311
p.ind[19,4]     1.003704   1.006788
p.global[4]     1.003652   1.006754
p.ind[11,4]     1.003634   1.006733


And here are the Gelman diagnostics for all variables:

              Point est. Upper C.I.
deviance       1.0010309   1.004097
ilr.cont1[1]   1.0053931   1.012962
ilr.cont1[2]   1.0129527   1.025540
ilr.cont1[3]   1.0137170   1.024102
ilr.global[1]  1.0236492   1.041753
ilr.global[2]  1.0340367   1.090282
ilr.global[3]  1.0371929   1.097707
loglik[1]      1.0000821   1.001159
loglik[10]     1.0007972   1.001149
loglik[11]     1.0012743   1.002761
loglik[12]     1.0002998   1.001253
loglik[13]     1.0007822   1.001494
loglik[14]     1.0005755   1.002092
loglik[15]     1.0000714   1.001303
loglik[16]     0.9998064   1.000536
loglik[17]     1.0044668   1.012311
loglik[18]     0.9997945   1.000509
loglik[19]     1.0013156   1.004281
loglik[2]      1.0004490   1.002458
loglik[3]      1.0007485   1.001997
loglik[4]      1.0020008   1.005026
loglik[5]      1.0007266   1.001820
loglik[6]      1.0003261   1.000916
loglik[7]      1.0002303   1.001613
loglik[8]      1.0000578   1.000871
loglik[9]      0.9997387   1.000303
p.global[1]    1.0032597   1.006966
p.global[2]    1.0023131   1.004593
p.global[3]    1.0004694   1.002771
p.global[4]    1.0036516   1.006754
p.ind[1,1]     1.0035034   1.005446
p.ind[1,2]     0.9997757   1.000503
p.ind[1,3]     1.0007502   1.002575
p.ind[1,4]     0.9998822   1.000677
p.ind[10,1]    1.0014618   1.005143
p.ind[10,2]    1.0016591   1.004653
p.ind[10,3]    1.0005135   1.002300
p.ind[10,4]    1.0005426   1.001910
p.ind[11,1]    1.0032452   1.006959
p.ind[11,2]    1.0023362   1.004629
p.ind[11,3]    1.0004699   1.002763
p.ind[11,4]    1.0036339   1.006733
p.ind[12,1]    1.0013618   1.005446
p.ind[12,2]    1.0015320   1.004762
p.ind[12,3]    1.0005689   1.002581
p.ind[12,4]    1.0000983   1.000949
p.ind[13,1]    1.0013956   1.005558
p.ind[13,2]    1.0015298   1.004795
p.ind[13,3]    1.0005822   1.002649
p.ind[13,4]    1.0000495   1.000829
p.ind[14,1]    1.0020463   1.005573
p.ind[14,2]    1.0020642   1.004820
p.ind[14,3]    1.0005137   1.002307
p.ind[14,4]    1.0014545   1.003543
p.ind[15,1]    1.0026685   1.006320
p.ind[15,2]    1.0024424   1.005022
p.ind[15,3]    1.0005203   1.002517
p.ind[15,4]    1.0025538   1.005251
p.ind[16,1]    1.0035166   1.005461
p.ind[16,2]    0.9997539   1.000418
p.ind[16,3]    1.0007185   1.002480
p.ind[16,4]    0.9998142   1.000500
p.ind[17,1]    1.0028864   1.006597
p.ind[17,2]    1.0025073   1.005011
p.ind[17,3]    1.0005066   1.002605
p.ind[17,4]    1.0029826   1.005866
p.ind[18,1]    1.0035342   1.005492
p.ind[18,2]    0.9997408   1.000358
p.ind[18,3]    1.0006905   1.002404
p.ind[18,4]    0.9997757   1.000382
p.ind[19,1]    1.0033603   1.006973
p.ind[19,2]    1.0020699   1.004228
p.ind[19,3]    1.0004776   1.002839
p.ind[19,4]    1.0037039   1.006788
p.ind[2,1]     1.0035054   1.006494
p.ind[2,2]     1.0009698   1.002666
p.ind[2,3]     1.0006530   1.003046
p.ind[2,4]     1.0027174   1.005289
p.ind[3,1]     1.0013885   1.005155
p.ind[3,2]     1.0016050   1.004660
p.ind[3,3]     1.0005230   1.002349
p.ind[3,4]     1.0004002   1.001621
p.ind[4,1]     1.0020073   1.005533
p.ind[4,2]     1.0020372   1.004805
p.ind[4,3]     1.0005124   1.002298
p.ind[4,4]     1.0013923   1.003439
p.ind[5,1]     1.0034988   1.005464
p.ind[5,2]     0.9998128   1.000625
p.ind[5,3]     1.0007831   1.002687
p.ind[5,4]     1.0000032   1.000949
p.ind[6,1]     1.0014219   1.005143
p.ind[6,2]     1.0016304   1.004655
p.ind[6,3]     1.0005177   1.002322
p.ind[6,4]     1.0004694   1.001763
p.ind[7,1]     1.0021183   1.006955
p.ind[7,2]     1.0016119   1.005087
p.ind[7,3]     1.0007410   1.003450
p.ind[7,4]     0.9998120   1.000161
p.ind[8,1]     1.0035271   1.005479
p.ind[8,2]     0.9997451   1.000379
p.ind[8,3]     1.0007009   1.002432
p.ind[8,4]     0.9997882   1.000423
p.ind[9,1]     1.0035805   1.005587
p.ind[9,2]     0.9997258   1.000270
p.ind[9,3]     1.0006379   1.002270
p.ind[9,4]     0.9997365   1.000224

################################################################################
# Geweke Diagnostic
################################################################################

The Geweke diagnostic is a standard z-score, so we'd expect 5% to be outside +/-1.96
Number of variables outside +/-1.96 in each chain (out of 
106
):


       Chain 1 Chain 2 Chain 3
Geweke      13       0      21


And here are the Geweke diagnostics for all variables:

              chain1 chain2 chain3
deviance       0.566  0.592  1.341
ilr.cont1[1]   2.568  0.488  0.980
ilr.cont1[2]   3.044 -1.345  1.127
ilr.cont1[3]   2.361 -1.254  1.244
ilr.global[1]  0.511  0.385 -1.479
ilr.global[2] -1.021  0.066 -1.184
ilr.global[3] -1.061  0.186 -1.143
loglik[1]      0.467  0.102  0.884
loglik[10]    -1.804 -0.716 -1.174
loglik[11]    -0.030 -0.447  0.053
loglik[12]    -1.004 -0.861 -0.042
loglik[13]    -1.650 -0.974 -0.218
loglik[14]     0.845 -0.194 -0.471
loglik[15]     1.527  0.128  0.512
loglik[16]     0.339  0.133  0.341
loglik[17]    -1.594 -0.406 -0.013
loglik[18]     1.013  0.784  0.319
loglik[19]    -0.873 -0.701  0.407
loglik[2]     -0.578 -0.828  0.586
loglik[3]     -1.201  0.383  0.498
loglik[4]     -2.507 -0.254  0.417
loglik[5]     -0.013  0.231  0.452
loglik[6]      0.160  0.182 -1.532
loglik[7]     -0.983 -0.710 -0.209
loglik[8]      1.488  1.188  0.484
loglik[9]      1.173  0.704  0.240
p.global[1]    0.148  0.354 -1.931
p.global[2]   -0.920 -0.234  2.200
p.global[3]    0.633  0.411 -1.555
p.global[4]    1.531  0.048 -1.899
p.ind[1,1]    -0.766 -0.297 -1.516
p.ind[1,2]    -0.019 -0.118  1.878
p.ind[1,3]     0.231  0.759 -1.364
p.ind[1,4]     0.106 -0.172 -2.025
p.ind[10,1]    0.912  0.395 -1.152
p.ind[10,2]   -1.926 -0.611  1.836
p.ind[10,3]    0.982  0.874 -1.091
p.ind[10,4]    3.049  0.401 -1.977
p.ind[11,1]    0.154  0.354 -1.919
p.ind[11,2]   -0.925 -0.278  2.198
p.ind[11,3]    0.639  0.466 -1.553
p.ind[11,4]    1.541  0.051 -1.900
p.ind[12,1]    2.425  0.372 -0.820
p.ind[12,2]   -1.929 -0.742  1.692
p.ind[12,3]    0.601  1.189 -1.169
p.ind[12,4]    2.698  0.547 -2.300
p.ind[13,1]    2.530  0.364 -0.734
p.ind[13,2]   -1.914 -0.762  1.666
p.ind[13,3]    0.528  1.252 -1.168
p.ind[13,4]    2.629  0.572 -2.308
p.ind[14,1]    0.429  0.383 -1.386
p.ind[14,2]   -1.344 -0.399  1.970
p.ind[14,3]    0.901  0.540 -1.243
p.ind[14,4]    1.597  0.252 -1.940
p.ind[15,1]    0.315  0.364 -1.607
p.ind[15,2]   -1.276 -0.298  2.069
p.ind[15,3]    0.808  0.460 -1.409
p.ind[15,4]    1.453  0.148 -1.925
p.ind[16,1]   -0.849 -0.369 -1.472
p.ind[16,2]    0.045 -0.094  1.851
p.ind[16,3]    0.210  0.734 -1.343
p.ind[16,4]   -0.085 -0.189 -1.997
p.ind[17,1]    0.243  0.359 -1.686
p.ind[17,2]   -1.212 -0.272  2.106
p.ind[17,3]    0.755  0.448 -1.464
p.ind[17,4]    1.398  0.102 -1.918
p.ind[18,1]   -0.917 -0.427 -1.434
p.ind[18,2]    0.099 -0.062  1.830
p.ind[18,3]    0.193  0.714 -1.326
p.ind[18,4]   -0.234 -0.201 -1.976
p.ind[19,1]    0.108  0.353 -2.014
p.ind[19,2]   -0.875 -0.228  2.219
p.ind[19,3]    0.587  0.598 -1.564
p.ind[19,4]    1.433  0.030 -1.890
p.ind[2,1]    -0.028  0.259 -2.201
p.ind[2,2]    -0.636 -0.234  2.267
p.ind[2,3]     0.473  0.677 -1.495
p.ind[2,4]     1.140 -0.014 -1.622
p.ind[3,1]     1.076  0.392 -0.987
p.ind[3,2]    -1.944 -0.646  1.801
p.ind[3,3]     0.897  0.917 -1.214
p.ind[3,4]     2.972  0.438 -1.992
p.ind[4,1]     0.447  0.385 -1.375
p.ind[4,2]    -1.344 -0.406  1.963
p.ind[4,3]     0.903  0.547 -1.233
p.ind[4,4]     1.606  0.259 -1.942
p.ind[5,1]    -0.666 -0.204 -2.130
p.ind[5,2]    -0.093 -0.153  1.910
p.ind[5,3]     0.256  0.788 -1.394
p.ind[5,4]     0.289 -0.152 -1.615
p.ind[6,1]     0.990  0.394 -1.016
p.ind[6,2]    -1.936 -0.628  1.819
p.ind[6,3]     0.941  0.895 -1.081
p.ind[6,4]     3.012  0.419 -1.984
p.ind[7,1]     3.483  0.245  0.035
p.ind[7,2]    -1.737 -0.900  1.423
p.ind[7,3]    -0.122  1.394 -1.308
p.ind[7,4]     1.971  0.787 -2.482
p.ind[8,1]    -0.892 -0.406 -1.448
p.ind[8,2]     0.080 -0.073  1.838
p.ind[8,3]     0.199  0.721 -1.332
p.ind[8,4]    -0.181 -0.196 -1.983
p.ind[9,1]    -1.038 -0.528 -1.362
p.ind[9,2]     0.197 -0.003  1.791
p.ind[9,3]     0.161  0.677 -1.301
p.ind[9,4]    -0.479 -0.222 -1.940
