
################################################################################
# Gelman-Rubin Diagnostic
################################################################################

Generally the Gelman diagnostic should be < 1.05


Out of 106 variables: 15 > 1.01

                      
0 > 1.05

                      
0 > 1.1


The worst variables are:

              Point est. Upper C.I.
ilr.global[3]   1.024880   1.087436
ilr.global[2]   1.024503   1.085599
ilr.global[1]   1.021221   1.072175
p.ind[4,1]      1.014755   1.052090
p.ind[15,1]     1.014480   1.051695
p.ind[3,1]      1.014248   1.049733
p.global[1]     1.014124   1.049229
p.ind[11,1]     1.013798   1.047952
p.ind[19,1]     1.013730   1.047695
p.ind[18,1]     1.013338   1.046230


And here are the Gelman diagnostics for all variables:

              Point est. Upper C.I.
deviance       0.9999200  1.0003954
ilr.cont1[1]   1.0023415  1.0050859
ilr.cont1[2]   1.0035278  1.0076470
ilr.cont1[3]   1.0035257  1.0071881
ilr.global[1]  1.0212212  1.0721748
ilr.global[2]  1.0245033  1.0855992
ilr.global[3]  1.0248799  1.0874363
loglik[1]      1.0004839  1.0014607
loglik[10]     1.0022860  1.0042977
loglik[11]     1.0022408  1.0083946
loglik[12]     0.9997214  0.9998408
loglik[13]     1.0000002  1.0000163
loglik[14]     1.0011164  1.0047236
loglik[15]     1.0024673  1.0102562
loglik[16]     1.0005767  1.0016527
loglik[17]     1.0015487  1.0053627
loglik[18]     1.0004451  1.0025033
loglik[19]     1.0001664  1.0009808
loglik[2]      1.0002544  1.0017738
loglik[3]      1.0023441  1.0095644
loglik[4]      1.0043163  1.0151908
loglik[5]      1.0001636  1.0016995
loglik[6]      1.0008617  1.0030329
loglik[7]      1.0000170  1.0009553
loglik[8]      1.0000159  1.0001648
loglik[9]      1.0001348  1.0004280
p.global[1]    1.0141242  1.0492287
p.global[2]    1.0062165  1.0229763
p.global[3]    1.0006325  1.0032813
p.global[4]    1.0051284  1.0180461
p.ind[1,1]     1.0034462  1.0124045
p.ind[1,2]     1.0009557  1.0045009
p.ind[1,3]     1.0001968  1.0015986
p.ind[1,4]     0.9998768  1.0001455
p.ind[10,1]    1.0090325  1.0325860
p.ind[10,2]    1.0056440  1.0212210
p.ind[10,3]    0.9997370  1.0001365
p.ind[10,4]    1.0056187  1.0207768
p.ind[11,1]    1.0137978  1.0479525
p.ind[11,2]    1.0059497  1.0219874
p.ind[11,3]    1.0006209  1.0032982
p.ind[11,4]    1.0047099  1.0165477
p.ind[12,1]    1.0132422  1.0474133
p.ind[12,2]    1.0066094  1.0250473
p.ind[12,3]    1.0000149  1.0009654
p.ind[12,4]    1.0063090  1.0229030
p.ind[13,1]    1.0099570  1.0358228
p.ind[13,2]    1.0058439  1.0220348
p.ind[13,3]    0.9997694  1.0002333
p.ind[13,4]    1.0057523  1.0212044
p.ind[14,1]    1.0122034  1.0421816
p.ind[14,2]    1.0048348  1.0179944
p.ind[14,3]    1.0005279  1.0030753
p.ind[14,4]    1.0030983  1.0109008
p.ind[15,1]    1.0144797  1.0516948
p.ind[15,2]    1.0069472  1.0261458
p.ind[15,3]    1.0003036  1.0018706
p.ind[15,4]    1.0065216  1.0233960
p.ind[16,1]    1.0031715  1.0114333
p.ind[16,2]    1.0008652  1.0041740
p.ind[16,3]    1.0001930  1.0015681
p.ind[16,4]    0.9998547  1.0000729
p.ind[17,1]    1.0125470  1.0433862
p.ind[17,2]    1.0050552  1.0187721
p.ind[17,3]    1.0005485  1.0031410
p.ind[17,4]    1.0033975  1.0119361
p.ind[18,1]    1.0133382  1.0462303
p.ind[18,2]    1.0056013  1.0207210
p.ind[18,3]    1.0005963  1.0032653
p.ind[18,4]    1.0041814  1.0146759
p.ind[19,1]    1.0137304  1.0476951
p.ind[19,2]    1.0058968  1.0217935
p.ind[19,3]    1.0006177  1.0032966
p.ind[19,4]    1.0046283  1.0162573
p.ind[2,1]     1.0130381  1.0451376
p.ind[2,2]     1.0053872  1.0199525
p.ind[2,3]     1.0005784  1.0032247
p.ind[2,4]     1.0038671  1.0135728
p.ind[3,1]     1.0142484  1.0497327
p.ind[3,2]     1.0063240  1.0233812
p.ind[3,3]     1.0006340  1.0032590
p.ind[3,4]     1.0053004  1.0186671
p.ind[4,1]     1.0147548  1.0520903
p.ind[4,2]     1.0068576  1.0255123
p.ind[4,3]     1.0005635  1.0028267
p.ind[4,4]     1.0062022  1.0220085
p.ind[5,1]     1.0075695  1.0265094
p.ind[5,2]     1.0024813  1.0098317
p.ind[5,3]     1.0003076  1.0021778
p.ind[5,4]     1.0006474  1.0026400
p.ind[6,1]     1.0099388  1.0357591
p.ind[6,2]     1.0058399  1.0220188
p.ind[6,3]     0.9997687  1.0002312
p.ind[6,4]     1.0057496  1.0211959
p.ind[7,1]     1.0125789  1.0450372
p.ind[7,2]     1.0064377  1.0244025
p.ind[7,3]     0.9999347  1.0007246
p.ind[7,4]     1.0061802  1.0225273
p.ind[8,1]     1.0043426  1.0155327
p.ind[8,2]     1.0012587  1.0055799
p.ind[8,3]     1.0002130  1.0017054
p.ind[8,4]     0.9999724  1.0004542
p.ind[9,1]     1.0014171  1.0049752
p.ind[9,2]     1.0003068  1.0020434
p.ind[9,3]     1.0001916  1.0014070
p.ind[9,4]     0.9998114  0.9998729

################################################################################
# Geweke Diagnostic
################################################################################

The Geweke diagnostic is a standard z-score, so we'd expect 5% to be outside +/-1.96
Number of variables outside +/-1.96 in each chain (out of 
106
):


       Chain 1 Chain 2 Chain 3
Geweke      11       5       0


And here are the Geweke diagnostics for all variables:

              chain1 chain2 chain3
deviance       1.039 -1.269 -0.208
ilr.cont1[1]   0.216  0.760 -0.754
ilr.cont1[2]   0.830 -1.559 -0.850
ilr.cont1[3]   0.722 -1.778 -0.652
ilr.global[1]  0.898  0.582 -0.945
ilr.global[2]  0.352 -1.026  0.337
ilr.global[3]  0.222 -1.016  0.436
loglik[1]      0.450  1.560 -0.239
loglik[10]    -1.633  0.400  0.787
loglik[11]    -0.378  0.878  0.001
loglik[12]    -1.376  0.002 -0.508
loglik[13]    -1.337  0.340 -0.110
loglik[14]    -0.738  0.435 -0.078
loglik[15]    -0.015  0.759 -0.272
loglik[16]    -1.733 -0.912 -1.043
loglik[17]    -1.875 -2.634 -0.348
loglik[18]    -1.922 -0.190 -0.369
loglik[19]    -1.452 -0.294 -0.579
loglik[2]     -0.731 -0.071 -0.624
loglik[3]     -1.218 -1.157  1.192
loglik[4]     -2.239 -1.779  0.589
loglik[5]     -0.919  0.245 -0.750
loglik[6]     -0.411  0.229  1.038
loglik[7]     -0.580  0.180 -0.681
loglik[8]     -0.856 -1.246  0.156
loglik[9]     -1.451 -0.791 -1.232
p.global[1]    0.794  0.533 -1.689
p.global[2]   -1.157 -0.766  1.224
p.global[3]    1.712  0.454 -0.409
p.global[4]    1.587  1.547 -1.170
p.ind[1,1]     0.851  0.319 -1.065
p.ind[1,2]    -1.059 -0.721  0.943
p.ind[1,3]     1.590  1.190 -0.453
p.ind[1,4]     2.749  2.295 -0.791
p.ind[10,1]    1.616  0.701 -1.702
p.ind[10,2]   -2.230 -0.607  1.300
p.ind[10,3]    0.808  0.404  0.051
p.ind[10,4]    3.181  1.276 -1.326
p.ind[11,1]    0.915  0.529 -1.755
p.ind[11,2]   -1.149 -0.776  1.222
p.ind[11,3]    1.695  0.481 -0.413
p.ind[11,4]    1.363  1.558 -1.143
p.ind[12,1]    1.421  0.710 -1.716
p.ind[12,2]   -1.476 -0.566  1.170
p.ind[12,3]    1.374  0.291 -0.225
p.ind[12,4]    1.495  1.515 -1.241
p.ind[13,1]    1.513  0.685 -1.731
p.ind[13,2]   -2.195 -0.598  1.325
p.ind[13,3]    0.905  0.426 -0.004
p.ind[13,4]    2.846  1.317 -1.349
p.ind[14,1]    0.675  0.438 -1.928
p.ind[14,2]   -1.151 -0.722  1.167
p.ind[14,3]    1.649  0.594 -0.416
p.ind[14,4]    1.375  1.642 -1.055
p.ind[15,1]    1.188  0.628 -1.721
p.ind[15,2]   -1.332 -0.555  1.250
p.ind[15,3]    1.402  0.327 -0.284
p.ind[15,4]    1.396  1.672 -1.348
p.ind[16,1]    0.867  0.315 -1.014
p.ind[16,2]   -1.061 -0.730  0.928
p.ind[16,3]    1.585  1.168 -0.454
p.ind[16,4]    2.726  2.272 -0.780
p.ind[17,1]    0.677  0.443 -1.923
p.ind[17,2]   -1.148 -0.715  1.171
p.ind[17,3]    1.655  0.571 -0.417
p.ind[17,4]    1.361  1.624 -1.070
p.ind[18,1]    0.683  0.456 -1.902
p.ind[18,2]   -1.145 -0.794  1.220
p.ind[18,3]    1.676  0.515 -0.416
p.ind[18,4]    1.351  1.565 -1.112
p.ind[19,1]    0.915  0.528 -1.757
p.ind[19,2]   -1.148 -0.778  1.222
p.ind[19,3]    1.692  0.486 -0.414
p.ind[19,4]    1.360  1.549 -1.138
p.ind[2,1]     0.682  0.450 -1.912
p.ind[2,2]    -1.145 -0.808  1.218
p.ind[2,3]     1.666  0.537 -0.417
p.ind[2,4]     1.351  1.600 -1.095
p.ind[3,1]     0.799  0.535 -1.691
p.ind[3,2]    -1.162 -0.702  1.225
p.ind[3,3]     1.684  0.443 -0.406
p.ind[3,4]     1.598  1.543 -1.182
p.ind[4,1]     0.848  0.566 -1.706
p.ind[4,2]    -1.222 -0.658  1.234
p.ind[4,3]     1.708  0.377 -0.335
p.ind[4,4]     1.285  1.529 -1.270
p.ind[5,1]     0.714  0.431 -1.578
p.ind[5,2]    -1.218 -0.810  1.087
p.ind[5,3]     1.625  1.136 -0.455
p.ind[5,4]     1.936  1.939 -0.897
p.ind[6,1]     1.515  0.685 -1.731
p.ind[6,2]    -2.196 -0.599  1.324
p.ind[6,3]     0.903  0.426 -0.003
p.ind[6,4]     2.845  1.316 -1.349
p.ind[7,1]     1.292  0.738 -1.710
p.ind[7,2]    -1.532 -0.574  1.161
p.ind[7,3]     1.249  0.281 -0.173
p.ind[7,4]     1.526  1.462 -1.245
p.ind[8,1]     0.807  0.329 -1.207
p.ind[8,2]    -1.275 -0.802  0.985
p.ind[8,3]     1.602  1.253 -0.452
p.ind[8,4]     2.115  2.350 -0.799
p.ind[9,1]     1.594  0.271 -0.595
p.ind[9,2]    -1.080 -0.832  0.788
p.ind[9,3]     1.537  0.964 -0.467
p.ind[9,4]     2.521  1.989 -0.734
