
################################################################################
# Gelman-Rubin Diagnostic
################################################################################

Generally the Gelman diagnostic should be < 1.05


Out of 106 variables: 3 > 1.01

                      
0 > 1.05

                      
0 > 1.1


The worst variables are:

              Point est. Upper C.I.
ilr.global[2]   1.025531   1.067066
ilr.global[3]   1.024215   1.065313
ilr.global[1]   1.020452   1.055693
p.global[1]     1.009410   1.032121
p.ind[11,1]     1.009401   1.032214
p.ind[17,1]     1.009392   1.031888
p.ind[19,1]     1.009137   1.030726
p.ind[15,1]     1.009042   1.031916
p.ind[2,1]      1.008660   1.029080
p.ind[14,1]     1.007978   1.029390


And here are the Gelman diagnostics for all variables:

              Point est. Upper C.I.
deviance       0.9999732  1.0005279
ilr.cont1[1]   1.0001594  1.0002947
ilr.cont1[2]   1.0040452  1.0053175
ilr.cont1[3]   1.0041224  1.0056203
ilr.global[1]  1.0204521  1.0556931
ilr.global[2]  1.0255307  1.0670664
ilr.global[3]  1.0242148  1.0653131
loglik[1]      0.9995961  0.9997125
loglik[10]     1.0010985  1.0030598
loglik[11]     1.0006480  1.0033027
loglik[12]     0.9998593  1.0004391
loglik[13]     1.0001476  1.0014360
loglik[14]     1.0007787  1.0040676
loglik[15]     1.0000202  1.0009964
loglik[16]     1.0031996  1.0061348
loglik[17]     1.0029106  1.0101113
loglik[18]     1.0016329  1.0025948
loglik[19]     1.0013849  1.0035904
loglik[2]      1.0014150  1.0036586
loglik[3]      0.9995942  0.9997102
loglik[4]      1.0000350  1.0003992
loglik[5]      1.0013595  1.0031012
loglik[6]      1.0000324  1.0013943
loglik[7]      0.9997351  1.0001825
loglik[8]      1.0004651  1.0007666
loglik[9]      1.0025575  1.0042609
p.global[1]    1.0094098  1.0321214
p.global[2]    1.0057255  1.0218939
p.global[3]    1.0020566  1.0081706
p.global[4]    1.0020838  1.0089675
p.ind[1,1]     1.0042320  1.0153632
p.ind[1,2]     1.0011601  1.0051214
p.ind[1,3]     1.0008456  1.0025479
p.ind[1,4]     1.0000803  1.0010494
p.ind[10,1]    1.0056018  1.0206247
p.ind[10,2]    1.0037595  1.0146978
p.ind[10,3]    1.0007690  1.0032652
p.ind[10,4]    1.0014132  1.0055736
p.ind[11,1]    1.0094012  1.0322145
p.ind[11,2]    1.0057679  1.0220399
p.ind[11,3]    1.0020326  1.0081182
p.ind[11,4]    1.0020829  1.0089605
p.ind[12,1]    1.0055869  1.0205612
p.ind[12,2]    1.0037495  1.0146613
p.ind[12,3]    1.0007668  1.0032561
p.ind[12,4]    1.0014118  1.0055653
p.ind[13,1]    1.0040548  1.0141978
p.ind[13,2]    1.0028736  1.0114218
p.ind[13,3]    1.0006373  1.0027135
p.ind[13,4]    1.0013562  1.0050011
p.ind[14,1]    1.0079776  1.0293899
p.ind[14,2]    1.0053888  1.0205301
p.ind[14,3]    1.0013527  1.0057315
p.ind[14,4]    1.0018003  1.0074961
p.ind[15,1]    1.0090419  1.0319162
p.ind[15,2]    1.0058300  1.0221908
p.ind[15,3]    1.0017909  1.0073810
p.ind[15,4]    1.0020151  1.0085769
p.ind[16,1]    1.0042934  1.0156208
p.ind[16,2]    1.0012357  1.0053750
p.ind[16,3]    1.0008729  1.0026439
p.ind[16,4]    1.0001132  1.0011537
p.ind[17,1]    1.0093918  1.0318880
p.ind[17,2]    1.0056388  1.0215877
p.ind[17,3]    1.0020847  1.0082113
p.ind[17,4]    1.0020788  1.0089410
p.ind[18,1]    1.0040146  1.0142533
p.ind[18,2]    1.0008343  1.0040344
p.ind[18,3]    1.0007221  1.0021329
p.ind[18,4]    0.9999525  1.0006421
p.ind[19,1]    1.0091370  1.0307264
p.ind[19,2]    1.0052897  1.0203060
p.ind[19,3]    1.0020913  1.0080422
p.ind[19,4]    1.0020211  1.0086040
p.ind[2,1]     1.0086601  1.0290795
p.ind[2,2]     1.0048494  1.0186404
p.ind[2,3]     1.0020122  1.0075629
p.ind[2,4]     1.0019044  1.0079473
p.ind[3,1]     1.0061852  1.0230701
p.ind[3,2]     1.0041684  1.0161740
p.ind[3,3]     1.0008686  1.0036870
p.ind[3,4]     1.0014790  1.0059429
p.ind[4,1]     1.0065827  1.0246605
p.ind[4,2]     1.0044579  1.0172082
p.ind[4,3]     1.0009530  1.0040492
p.ind[4,4]     1.0015380  1.0062418
p.ind[5,1]     1.0044563  1.0162522
p.ind[5,2]     1.0014205  1.0059985
p.ind[5,3]     1.0009382  1.0028792
p.ind[5,4]     1.0001978  1.0014224
p.ind[6,1]     1.0066803  1.0250376
p.ind[6,2]     1.0045291  1.0174614
p.ind[6,3]     1.0009758  1.0041471
p.ind[6,4]     1.0015540  1.0063203
p.ind[7,1]     1.0024195  1.0080915
p.ind[7,2]     1.0021392  1.0087417
p.ind[7,3]     1.0006577  1.0027177
p.ind[7,4]     1.0013936  1.0048297
p.ind[8,1]     1.0045672  1.0166530
p.ind[8,2]     1.0015374  1.0063957
p.ind[8,3]     1.0009785  1.0030285
p.ind[8,4]     1.0002542  1.0016018
p.ind[9,1]     1.0044238  1.0161309
p.ind[9,2]     1.0013851  1.0058785
p.ind[9,3]     1.0009258  1.0028340
p.ind[9,4]     1.0001811  1.0013694

################################################################################
# Geweke Diagnostic
################################################################################

The Geweke diagnostic is a standard z-score, so we'd expect 5% to be outside +/-1.96
Number of variables outside +/-1.96 in each chain (out of 
106
):


       Chain 1 Chain 2 Chain 3
Geweke      43       7       4


And here are the Geweke diagnostics for all variables:

              chain1 chain2 chain3
deviance      -2.325  1.093 -0.309
ilr.cont1[1]   1.975  0.339 -1.226
ilr.cont1[2]   1.874 -0.667 -0.424
ilr.cont1[3]   1.704 -0.706  0.032
ilr.global[1] -1.536  2.040  0.204
ilr.global[2] -0.636  1.795  0.038
ilr.global[3] -0.368  1.519  0.260
loglik[1]     -0.670  0.337  1.320
loglik[10]     0.625 -1.075 -0.104
loglik[11]     0.641  0.270  0.056
loglik[12]     0.618 -0.600 -0.456
loglik[13]     0.588 -0.713 -0.157
loglik[14]     0.448  0.047 -1.007
loglik[15]     0.412  0.199 -0.724
loglik[16]     2.685  0.776 -1.860
loglik[17]     1.450 -1.049 -0.290
loglik[18]     3.447 -0.028 -2.175
loglik[19]     1.635 -0.264 -0.311
loglik[2]      1.341  0.128 -0.149
loglik[3]      0.319 -1.167  1.018
loglik[4]      0.590 -1.452  1.078
loglik[5]      3.396  0.311 -1.079
loglik[6]     -0.197  0.122 -0.200
loglik[7]      0.034  0.010 -0.110
loglik[8]      2.554 -0.786 -1.778
loglik[9]      3.246  0.268 -1.971
p.global[1]   -2.151  1.425  0.236
p.global[2]    2.237 -1.396 -0.555
p.global[3]   -0.671  0.498  1.097
p.global[4]   -2.949  2.173  0.078
p.ind[1,1]    -1.999  1.830  1.204
p.ind[1,2]     2.652 -0.887 -1.419
p.ind[1,3]    -0.335 -0.285  0.508
p.ind[1,4]    -3.219  1.633  1.978
p.ind[10,1]   -0.827  1.432 -0.051
p.ind[10,2]    1.087 -1.418  0.095
p.ind[10,3]   -0.241  0.744  1.021
p.ind[10,4]   -1.169  1.592 -1.597
p.ind[11,1]   -2.122  1.410  0.229
p.ind[11,2]    2.217 -1.416 -0.535
p.ind[11,3]   -0.668  0.511  1.109
p.ind[11,4]   -2.889  2.156  0.018
p.ind[12,1]   -0.820  1.432 -0.053
p.ind[12,2]    1.081 -1.418  0.097
p.ind[12,3]   -0.239  0.743  1.020
p.ind[12,4]   -1.164  1.590 -1.600
p.ind[13,1]   -0.106  1.344 -0.231
p.ind[13,2]    0.501 -1.381  0.286
p.ind[13,3]   -0.093  0.625  0.900
p.ind[13,4]   -0.834  1.476 -1.820
p.ind[14,1]   -1.778  1.621  0.115
p.ind[14,2]    1.806 -1.609 -0.223
p.ind[14,3]   -0.528  0.647  1.170
p.ind[14,4]   -1.979  1.874 -0.807
p.ind[15,1]   -2.046  1.607  0.160
p.ind[15,2]    2.078 -1.520 -0.417
p.ind[15,3]   -0.632  0.580  1.166
p.ind[15,4]   -2.502  2.040 -0.352
p.ind[16,1]   -1.988  1.837  1.178
p.ind[16,2]    2.656 -0.905 -1.411
p.ind[16,3]   -0.349 -0.271  0.476
p.ind[16,4]   -3.241  1.672  1.956
p.ind[17,1]   -2.135  1.449  0.247
p.ind[17,2]    2.268 -1.360 -0.580
p.ind[17,3]   -0.675  0.474  1.028
p.ind[17,4]   -3.042  2.434  0.175
p.ind[18,1]   -2.044  1.811  1.320
p.ind[18,2]    2.630 -0.798 -1.456
p.ind[18,3]   -0.274 -0.352  0.417
p.ind[18,4]   -3.165  1.449  1.962
p.ind[19,1]   -2.126  1.394  0.286
p.ind[19,2]    2.354 -1.141 -0.683
p.ind[19,3]   -0.678  0.401  1.004
p.ind[19,4]   -3.483  2.462  0.442
p.ind[2,1]    -2.202  1.418  0.294
p.ind[2,2]     2.433 -1.107 -0.788
p.ind[2,3]    -0.671  0.316  0.931
p.ind[2,4]    -3.579  2.469  0.694
p.ind[3,1]    -0.986  1.445  0.007
p.ind[3,2]     1.322 -1.418  0.018
p.ind[3,3]    -0.324  0.710  0.951
p.ind[3,4]    -1.263  1.654 -1.464
p.ind[4,1]    -1.142  1.450  0.042
p.ind[4,2]     1.480 -1.413 -0.035
p.ind[4,3]    -0.387  0.730  0.974
p.ind[4,4]    -1.386  1.699 -1.366
p.ind[5,1]    -1.963  1.850  1.117
p.ind[5,2]     2.664 -0.946 -1.388
p.ind[5,3]    -0.380 -0.236  0.517
p.ind[5,4]    -3.291  1.602  1.950
p.ind[6,1]    -1.179  1.451  0.049
p.ind[6,2]     1.411 -1.411 -0.048
p.ind[6,3]    -0.403  0.734  0.981
p.ind[6,4]    -1.418  1.711 -1.340
p.ind[7,1]     0.597  1.185 -0.459
p.ind[7,2]    -0.068 -1.406  0.548
p.ind[7,3]    -0.038  0.529  0.758
p.ind[7,4]    -0.597  1.371 -1.959
p.ind[8,1]    -1.948  1.856  1.080
p.ind[8,2]     2.667 -0.969 -1.374
p.ind[8,3]    -0.399 -0.215  0.542
p.ind[8,4]    -3.320  1.665  1.943
p.ind[9,1]    -1.968  1.848  1.128
p.ind[9,2]     2.663 -0.938 -1.393
p.ind[9,3]    -0.374 -0.243  0.510
p.ind[9,4]    -3.281  1.582  1.951
