
################################################################################
# Gelman-Rubin Diagnostic
################################################################################

Generally the Gelman diagnostic should be < 1.05


Out of 106 variables: 3 > 1.01

                      
0 > 1.05

                      
0 > 1.1


The worst variables are:

              Point est. Upper C.I.
ilr.global[2]   1.017430   1.032647
ilr.global[3]   1.015010   1.029966
ilr.global[1]   1.011335   1.022096
ilr.cont1[3]    1.008063   1.009235
ilr.cont1[2]    1.006712   1.006816
p.ind[18,1]     1.005426   1.015573
p.ind[14,1]     1.005419   1.015553
loglik[10]      1.005405   1.008456
p.ind[2,1]      1.005357   1.015373
p.ind[17,1]     1.005357   1.015372


And here are the Gelman diagnostics for all variables:

              Point est. Upper C.I.
deviance       1.0003535  1.0025096
ilr.cont1[1]   1.0020091  1.0020736
ilr.cont1[2]   1.0067124  1.0068161
ilr.cont1[3]   1.0080633  1.0092348
ilr.global[1]  1.0113354  1.0220964
ilr.global[2]  1.0174296  1.0326467
ilr.global[3]  1.0150101  1.0299665
loglik[1]      1.0003374  1.0017239
loglik[10]     1.0054046  1.0084557
loglik[11]     1.0008699  1.0040369
loglik[12]     1.0023733  1.0046039
loglik[13]     1.0046163  1.0078694
loglik[14]     1.0000667  1.0009220
loglik[15]     1.0024342  1.0084163
loglik[16]     1.0001519  1.0005362
loglik[17]     1.0001205  1.0013651
loglik[18]     1.0001496  1.0003267
loglik[19]     1.0003513  1.0013874
loglik[2]      1.0001789  1.0017643
loglik[3]      1.0011073  1.0048962
loglik[4]      1.0017505  1.0071052
loglik[5]      1.0000567  1.0003602
loglik[6]      1.0050064  1.0089784
loglik[7]      1.0016702  1.0036222
loglik[8]      0.9999822  1.0000299
loglik[9]      1.0000476  1.0003048
p.global[1]    1.0051882  1.0148689
p.global[2]    1.0020603  1.0063217
p.global[3]    1.0009806  1.0041899
p.global[4]    0.9997206  1.0000954
p.ind[1,1]     1.0041410  1.0119407
p.ind[1,2]     1.0010672  1.0044489
p.ind[1,3]     0.9996378  0.9999082
p.ind[1,4]     1.0005594  1.0024767
p.ind[10,1]    1.0029415  1.0080100
p.ind[10,2]    1.0008558  1.0009502
p.ind[10,3]    1.0004903  1.0013475
p.ind[10,4]    1.0013309  1.0043088
p.ind[11,1]    1.0051991  1.0149015
p.ind[11,2]    1.0020618  1.0063409
p.ind[11,3]    1.0009697  1.0041599
p.ind[11,4]    0.9997171  1.0000890
p.ind[12,1]    1.0028930  1.0085931
p.ind[12,2]    1.0008272  1.0015585
p.ind[12,3]    1.0007842  1.0027263
p.ind[12,4]    1.0009322  1.0031525
p.ind[13,1]    1.0031068  1.0080608
p.ind[13,2]    1.0009471  1.0009798
p.ind[13,3]    1.0004551  1.0010956
p.ind[13,4]    1.0014317  1.0045958
p.ind[14,1]    1.0054187  1.0155531
p.ind[14,2]    1.0020078  1.0066654
p.ind[14,3]    1.0005503  1.0029255
p.ind[14,4]    0.9997790  1.0002690
p.ind[15,1]    1.0039120  1.0112446
p.ind[15,2]    1.0014505  1.0037682
p.ind[15,3]    1.0012129  1.0044864
p.ind[15,4]    1.0003854  1.0016226
p.ind[16,1]    1.0033877  1.0098439
p.ind[16,2]    1.0007647  1.0033814
p.ind[16,3]    0.9996067  0.9997506
p.ind[16,4]    1.0005096  1.0024996
p.ind[17,1]    1.0053571  1.0153719
p.ind[17,2]    1.0020560  1.0065965
p.ind[17,3]    1.0007461  1.0035181
p.ind[17,4]    0.9997081  1.0000945
p.ind[18,1]    1.0054257  1.0155728
p.ind[18,2]    1.0019838  1.0066620
p.ind[18,3]    1.0004837  1.0027190
p.ind[18,4]    0.9998168  1.0003590
p.ind[19,1]    1.0053042  1.0152149
p.ind[19,2]    1.0020661  1.0065169
p.ind[19,3]    1.0008398  1.0037924
p.ind[19,4]    0.9996985  1.0000637
p.ind[2,1]     1.0053574  1.0153730
p.ind[2,2]     1.0020559  1.0065970
p.ind[2,3]     1.0007453  1.0035158
p.ind[2,4]     0.9997082  1.0000949
p.ind[3,1]     1.0049907  1.0142815
p.ind[3,2]     1.0020104  1.0059578
p.ind[3,3]     1.0011275  1.0045748
p.ind[3,4]     0.9998083  1.0002698
p.ind[4,1]     1.0044931  1.0128372
p.ind[4,2]     1.0017871  1.0049668
p.ind[4,3]     1.0012645  1.0048287
p.ind[4,4]     1.0000846  1.0008811
p.ind[5,1]     1.0046644  1.0134034
p.ind[5,2]     1.0013241  1.0052552
p.ind[5,3]     0.9997352  1.0002569
p.ind[5,4]     1.0005023  1.0021951
p.ind[6,1]     1.0030821  1.0080509
p.ind[6,2]     1.0009337  1.0009725
p.ind[6,3]     1.0004585  1.0011256
p.ind[6,4]     1.0014185  1.0045585
p.ind[7,1]     1.0028383  1.0084157
p.ind[7,2]     1.0007955  1.0013936
p.ind[7,3]     1.0007307  1.0025009
p.ind[7,4]     1.0009906  1.0033230
p.ind[8,1]     1.0042830  1.0123376
p.ind[8,2]     1.0011324  1.0046629
p.ind[8,3]     0.9996563  0.9999769
p.ind[8,4]     1.0005541  1.0024279
p.ind[9,1]     1.0025815  1.0077125
p.ind[9,2]     1.0005220  1.0024384
p.ind[9,3]     0.9996557  0.9998231
p.ind[9,4]     1.0003793  1.0022449

################################################################################
# Geweke Diagnostic
################################################################################

The Geweke diagnostic is a standard z-score, so we'd expect 5% to be outside +/-1.96
Number of variables outside +/-1.96 in each chain (out of 
106
):


       Chain 1 Chain 2 Chain 3
Geweke      36       4       5


And here are the Geweke diagnostics for all variables:

              chain1 chain2 chain3
deviance      -1.092 -0.479 -0.285
ilr.cont1[1]  -1.174  0.787 -0.834
ilr.cont1[2]   0.652 -0.267  0.603
ilr.cont1[3]   1.471 -0.659  1.124
ilr.global[1] -0.548  1.115  1.191
ilr.global[2]  2.639  1.032  1.229
ilr.global[3]  2.469  1.395  0.988
loglik[1]      2.667 -1.138  1.642
loglik[10]     1.829 -0.799  0.137
loglik[11]     1.759 -0.738 -0.157
loglik[12]     4.233 -0.753  0.031
loglik[13]     3.934 -1.050  0.195
loglik[14]     2.251 -0.313 -0.205
loglik[15]     1.516 -0.970 -0.317
loglik[16]     0.679 -0.131 -1.356
loglik[17]     1.436 -0.428 -0.757
loglik[18]     2.793 -0.702 -0.522
loglik[19]     3.684 -1.282 -0.392
loglik[2]      3.903 -1.803 -0.052
loglik[3]     -2.419  1.465 -0.717
loglik[4]      0.298  0.552 -0.471
loglik[5]      3.207 -0.342  0.007
loglik[6]     -1.367 -0.258 -0.040
loglik[7]      4.193 -0.699  0.150
loglik[8]     -1.344  1.662 -1.651
loglik[9]     -0.166  0.344 -1.494
p.global[1]   -0.060  0.232  0.534
p.global[2]    1.926 -0.988 -0.567
p.global[3]   -2.914  1.857  0.604
p.global[4]   -1.061  0.161  0.897
p.ind[1,1]     0.593  0.040  0.622
p.ind[1,2]    -0.162 -0.686 -1.324
p.ind[1,3]    -1.458  1.955  0.449
p.ind[1,4]     1.463 -0.399  2.251
p.ind[10,1]   -1.134  0.995  0.148
p.ind[10,2]    3.701 -1.340 -0.276
p.ind[10,3]   -3.122  0.970  0.704
p.ind[10,4]   -1.886  0.488 -0.064
p.ind[11,1]   -0.055  0.230  0.535
p.ind[11,2]    1.913 -0.986 -0.570
p.ind[11,3]   -2.903  1.863  0.603
p.ind[11,4]   -1.047  0.158  0.905
p.ind[12,1]   -0.771  0.731  0.366
p.ind[12,2]    3.662 -1.343 -0.338
p.ind[12,3]   -3.451  1.177  0.672
p.ind[12,4]   -1.867  0.469  0.095
p.ind[13,1]   -1.236  1.117  0.074
p.ind[13,2]    3.684 -1.452 -0.254
p.ind[13,3]   -3.030  0.911  0.697
p.ind[13,4]   -1.880  0.491 -0.095
p.ind[14,1]    0.081  0.199  0.581
p.ind[14,2]    1.505 -0.884 -0.678
p.ind[14,3]   -2.523  2.023  0.564
p.ind[14,4]   -0.489  0.035  1.159
p.ind[15,1]   -0.389  0.464  0.515
p.ind[15,2]    2.855 -1.186 -0.424
p.ind[15,3]   -3.383  1.446  0.629
p.ind[15,4]   -1.641  0.358  0.408
p.ind[16,1]    0.739 -0.025  0.619
p.ind[16,2]   -0.611 -0.551 -1.452
p.ind[16,3]   -1.151  1.700  0.413
p.ind[16,4]    1.870 -0.563  2.345
p.ind[17,1]    0.020  0.230  0.562
p.ind[17,2]    1.713 -0.914 -0.626
p.ind[17,3]   -2.699  1.959  0.582
p.ind[17,4]   -0.742  0.092  1.067
p.ind[18,1]    0.102  0.189  0.589
p.ind[18,2]    1.434 -0.888 -0.697
p.ind[18,3]   -2.461  2.040  0.557
p.ind[18,4]   -0.400  0.015  1.202
p.ind[19,1]   -0.010  0.246  0.554
p.ind[19,2]    1.816 -0.958 -0.602
p.ind[19,3]   -2.784  1.922  0.591
p.ind[19,4]   -0.860  0.119  1.001
p.ind[2,1]     0.021  0.230  0.562
p.ind[2,2]     1.712 -0.914 -0.626
p.ind[2,3]    -2.699  1.959  0.582
p.ind[2,4]    -0.741  0.091  1.067
p.ind[3,1]    -0.127  0.267  0.519
p.ind[3,2]     2.128 -1.033 -0.533
p.ind[3,3]    -3.063  1.641  0.619
p.ind[3,4]    -1.226  0.213  0.770
p.ind[4,1]    -0.274  0.350  0.495
p.ind[4,2]     2.506 -1.131 -0.470
p.ind[4,3]    -3.276  1.474  0.642
p.ind[4,4]    -1.446  0.297  0.601
p.ind[5,1]     0.470  0.075  0.618
p.ind[5,2]     0.261 -0.676 -1.217
p.ind[5,3]    -1.773  2.042  0.495
p.ind[5,4]     0.979 -0.283  2.148
p.ind[6,1]    -1.222  1.115  0.084
p.ind[6,2]     3.687 -1.459 -0.257
p.ind[6,3]    -3.042  0.918  0.699
p.ind[6,4]    -1.881  0.491 -0.091
p.ind[7,1]    -0.824  0.839  0.341
p.ind[7,2]     3.680 -1.351 -0.329
p.ind[7,3]    -3.408  1.145  0.672
p.ind[7,4]    -1.875  0.473  0.068
p.ind[8,1]     0.560  0.050  0.618
p.ind[8,2]    -0.049 -0.707 -1.297
p.ind[8,3]    -1.525  2.008  0.460
p.ind[8,4]     1.367 -0.368  2.227
p.ind[9,1]     0.834 -0.144  0.607
p.ind[9,2]    -1.004 -0.382 -1.558
p.ind[9,3]    -0.896  1.483  0.405
p.ind[9,4]     2.189 -0.830  2.412
