
################################################################################
# Gelman-Rubin Diagnostic
################################################################################

Generally the Gelman diagnostic should be < 1.05


Out of 106 variables: 13 > 1.01

                      
0 > 1.05

                      
0 > 1.1


The worst variables are:

              Point est. Upper C.I.
ilr.global[2]   1.020563   1.035058
ilr.global[3]   1.017984   1.030227
p.ind[15,1]     1.014403   1.039498
p.ind[4,1]      1.014393   1.040037
p.ind[3,1]      1.014359   1.040076
p.ind[17,1]     1.013981   1.039651
p.ind[11,1]     1.013805   1.039308
p.global[1]     1.013555   1.038753
p.ind[2,1]      1.013272   1.038061
ilr.global[1]   1.013253   1.015956


And here are the Gelman diagnostics for all variables:

              Point est. Upper C.I.
deviance       0.9999469  1.0008116
ilr.cont1[1]   1.0017469  1.0020193
ilr.cont1[2]   1.0063842  1.0098382
ilr.cont1[3]   1.0056649  1.0090426
ilr.global[1]  1.0132527  1.0159563
ilr.global[2]  1.0205627  1.0350582
ilr.global[3]  1.0179844  1.0302269
loglik[1]      0.9996946  1.0000254
loglik[10]     1.0006940  1.0011296
loglik[11]     0.9998328  1.0004564
loglik[12]     1.0000955  1.0016258
loglik[13]     1.0000678  1.0012142
loglik[14]     0.9997646  1.0000636
loglik[15]     1.0002910  1.0020231
loglik[16]     0.9999006  1.0007976
loglik[17]     1.0023500  1.0061353
loglik[18]     1.0013873  1.0041920
loglik[19]     1.0028680  1.0089763
loglik[2]      1.0019784  1.0081042
loglik[3]      1.0005858  1.0030818
loglik[4]      0.9996029  0.9996157
loglik[5]      0.9995794  0.9997446
loglik[6]      1.0003779  1.0008930
loglik[7]      1.0002958  1.0024195
loglik[8]      0.9999663  1.0010198
loglik[9]      0.9997100  0.9998170
p.global[1]    1.0135551  1.0387534
p.global[2]    1.0039016  1.0150012
p.global[3]    1.0021918  1.0088324
p.global[4]    1.0007566  1.0028586
p.ind[1,1]     1.0043156  1.0134061
p.ind[1,2]     1.0027545  1.0113638
p.ind[1,3]     1.0019063  1.0076783
p.ind[1,4]     1.0003313  1.0024960
p.ind[10,1]    1.0072611  1.0200556
p.ind[10,2]    1.0009358  1.0043183
p.ind[10,3]    0.9999708  1.0008153
p.ind[10,4]    0.9998934  1.0006584
p.ind[11,1]    1.0138054  1.0393084
p.ind[11,2]    1.0038138  1.0147097
p.ind[11,3]    1.0020837  1.0085229
p.ind[11,4]    1.0007034  1.0027181
p.ind[12,1]    1.0092177  1.0247211
p.ind[12,2]    1.0011336  1.0051897
p.ind[12,3]    1.0000718  1.0014047
p.ind[12,4]    0.9999088  1.0007024
p.ind[13,1]    1.0062522  1.0176068
p.ind[13,2]    1.0008648  1.0039597
p.ind[13,3]    0.9999504  1.0005787
p.ind[13,4]    0.9998929  1.0006548
p.ind[14,1]    1.0131516  1.0377522
p.ind[14,2]    1.0039890  1.0152940
p.ind[14,3]    1.0023205  1.0091837
p.ind[14,4]    1.0008160  1.0030254
p.ind[15,1]    1.0144029  1.0394978
p.ind[15,2]    1.0029684  1.0118788
p.ind[15,3]    1.0013188  1.0060889
p.ind[15,4]    1.0003320  1.0017821
p.ind[16,1]    1.0012204  1.0055168
p.ind[16,2]    1.0020327  1.0086611
p.ind[16,3]    1.0014814  1.0063905
p.ind[16,4]    1.0003066  1.0023521
p.ind[17,1]    1.0139811  1.0396513
p.ind[17,2]    1.0037283  1.0144258
p.ind[17,3]    1.0019885  1.0082415
p.ind[17,4]    1.0006557  1.0025951
p.ind[18,1]    1.0095342  1.0272887
p.ind[18,2]    1.0037267  1.0145513
p.ind[18,3]    1.0024429  1.0093153
p.ind[18,4]    1.0006896  1.0030858
p.ind[19,1]    1.0130665  1.0375290
p.ind[19,2]    1.0040012  1.0153353
p.ind[19,3]    1.0023421  1.0092403
p.ind[19,4]    1.0008251  1.0030531
p.ind[2,1]     1.0132718  1.0380611
p.ind[2,2]     1.0039685  1.0152247
p.ind[2,3]     1.0022870  1.0090943
p.ind[2,4]     1.0008012  1.0029822
p.ind[3,1]     1.0143587  1.0400756
p.ind[3,2]     1.0033764  1.0132544
p.ind[3,3]     1.0016515  1.0071919
p.ind[3,4]     1.0004880  1.0021725
p.ind[4,1]     1.0143933  1.0400370
p.ind[4,2]     1.0033003  1.0129992
p.ind[4,3]     1.0015859  1.0069792
p.ind[4,4]     1.0004563  1.0020931
p.ind[5,1]     1.0037518  1.0120044
p.ind[5,2]     1.0026432  1.0109683
p.ind[5,3]     1.0018412  1.0074827
p.ind[5,4]     1.0003148  1.0024562
p.ind[6,1]     1.0070782  1.0196162
p.ind[6,2]     1.0009215  1.0042495
p.ind[6,3]     0.9999655  1.0007694
p.ind[6,4]     0.9998929  1.0006569
p.ind[7,1]     1.0100763  1.0267928
p.ind[7,2]     1.0012524  1.0056739
p.ind[7,3]     1.0001433  1.0017337
p.ind[7,4]     0.9999233  1.0007413
p.ind[8,1]     1.0044971  1.0138593
p.ind[8,2]     1.0027898  1.0114878
p.ind[8,3]     1.0019269  1.0077401
p.ind[8,4]     1.0003376  1.0025100
p.ind[9,1]     1.0007725  1.0035287
p.ind[9,2]     1.0016792  1.0072223
p.ind[9,3]     1.0012725  1.0057411
p.ind[9,4]     1.0003627  1.0023873

################################################################################
# Geweke Diagnostic
################################################################################

The Geweke diagnostic is a standard z-score, so we'd expect 5% to be outside +/-1.96
Number of variables outside +/-1.96 in each chain (out of 
106
):


       Chain 1 Chain 2 Chain 3
Geweke      15       7       3


And here are the Geweke diagnostics for all variables:

              chain1 chain2 chain3
deviance      -0.736 -0.164  0.354
ilr.cont1[1]  -3.328 -1.638  0.141
ilr.cont1[2]  -2.433 -0.784 -0.441
ilr.cont1[3]  -2.184 -0.926 -0.706
ilr.global[1] -0.339 -0.274  1.186
ilr.global[2]  0.545 -0.629  1.760
ilr.global[3]  0.926 -0.376  1.722
loglik[1]     -0.035 -1.157  0.460
loglik[10]     1.050 -0.155 -0.790
loglik[11]    -0.379 -0.992  0.284
loglik[12]     0.179  0.538  0.046
loglik[13]     0.605  0.388 -0.152
loglik[14]     0.005 -0.984 -0.055
loglik[15]    -1.059 -0.678  0.918
loglik[16]    -0.308 -0.438 -0.860
loglik[17]     1.115 -0.503 -0.266
loglik[18]     0.418 -1.158 -0.658
loglik[19]     0.280 -1.619 -0.098
loglik[2]     -0.269 -1.752  0.351
loglik[3]      0.767  1.231 -0.239
loglik[4]      1.657  0.664 -0.609
loglik[5]      0.023 -0.724 -0.487
loglik[6]      1.087 -0.411 -0.374
loglik[7]      0.064  0.562  0.295
loglik[8]     -0.168  2.069 -0.139
loglik[9]     -0.219  0.195 -0.752
p.global[1]   -0.625 -0.227  1.086
p.global[2]    0.809 -0.108 -0.644
p.global[3]   -0.041  1.582  0.061
p.global[4]   -1.764 -0.636  0.846
p.ind[1,1]    -0.017  0.179  0.723
p.ind[1,2]    -0.059 -0.869 -0.562
p.ind[1,3]     0.161  2.382  0.499
p.ind[1,4]    -0.062 -0.444  0.625
p.ind[10,1]   -2.936 -0.421  1.977
p.ind[10,2]    1.423  1.110 -1.019
p.ind[10,3]   -0.003 -0.604 -0.042
p.ind[10,4]   -1.977 -1.173  1.548
p.ind[11,1]   -0.659 -0.233  1.163
p.ind[11,2]    0.848 -0.076 -0.646
p.ind[11,3]   -0.052  1.481  0.047
p.ind[11,4]   -1.827 -0.643  0.868
p.ind[12,1]   -2.379 -0.353  1.971
p.ind[12,2]    1.367  0.951 -0.943
p.ind[12,3]   -0.074 -0.419 -0.104
p.ind[12,4]   -2.038 -1.180  1.482
p.ind[13,1]   -3.122 -0.465  1.910
p.ind[13,2]    1.451  1.188 -1.060
p.ind[13,3]    0.047 -0.651  0.012
p.ind[13,4]   -1.938 -1.181  1.561
p.ind[14,1]   -0.592 -0.241  1.036
p.ind[14,2]    0.755 -0.152 -0.645
p.ind[14,3]   -0.025  1.714  0.089
p.ind[14,4]   -1.490 -0.625  0.818
p.ind[15,1]   -1.105 -0.265  1.465
p.ind[15,2]    1.095  0.141 -0.711
p.ind[15,3]   -0.109  0.839 -0.069
p.ind[15,4]   -2.056 -0.694  1.005
p.ind[16,1]    0.270  0.456  0.688
p.ind[16,2]   -0.460 -1.200 -0.584
p.ind[16,3]    0.221  2.251  0.501
p.ind[16,4]    0.446 -0.430  0.468
p.ind[17,1]   -0.689 -0.238  1.197
p.ind[17,2]    0.879 -0.050 -0.650
p.ind[17,3]   -0.062  1.398  0.029
p.ind[17,4]   -1.873 -0.648  0.886
p.ind[18,1]   -0.359 -0.085  0.779
p.ind[18,2]    0.391 -0.474 -0.583
p.ind[18,3]    0.068  2.266  0.289
p.ind[18,4]   -0.751 -0.532  0.701
p.ind[19,1]   -0.584 -0.238  1.027
p.ind[19,2]    0.745 -0.160 -0.581
p.ind[19,3]   -0.021  1.738  0.095
p.ind[19,4]   -1.467 -0.622  0.813
p.ind[2,1]    -0.602 -0.220  1.049
p.ind[2,2]     0.771 -0.139 -0.644
p.ind[2,3]    -0.029  1.677  0.081
p.ind[2,4]    -1.523 -0.628  0.826
p.ind[3,1]    -0.927 -0.250  1.325
p.ind[3,2]     0.979  0.042 -0.675
p.ind[3,3]    -0.088  1.115 -0.025
p.ind[3,4]    -1.989 -0.661  0.947
p.ind[4,1]    -0.820 -0.253  1.352
p.ind[4,2]     0.998  0.060 -0.681
p.ind[4,3]    -0.093  1.061 -0.035
p.ind[4,4]    -2.005 -0.667  0.958
p.ind[5,1]     0.026  0.214  0.715
p.ind[5,2]    -0.111 -0.913 -0.567
p.ind[5,3]     0.170  2.372  0.502
p.ind[5,4]     0.010 -0.430  0.591
p.ind[6,1]    -2.969 -0.428  1.968
p.ind[6,2]     1.428  1.124 -1.026
p.ind[6,3]     0.005 -0.619 -0.033
p.ind[6,4]    -1.970 -1.172  1.550
p.ind[7,1]    -2.065 -0.334  1.954
p.ind[7,2]     1.508  0.874 -0.910
p.ind[7,3]    -0.096 -0.319 -0.123
p.ind[7,4]    -2.061 -1.180  1.472
p.ind[8,1]    -0.031  0.168  0.725
p.ind[8,2]    -0.042 -0.855 -0.561
p.ind[8,3]     0.158  2.384  0.498
p.ind[8,4]    -0.084 -0.449  0.635
p.ind[9,1]     0.385  0.810  0.584
p.ind[9,2]    -0.679 -1.277 -0.665
p.ind[9,3]     0.256  2.145  0.494
p.ind[9,4]     0.703 -0.355  0.336
