
################################################################################
# Gelman-Rubin Diagnostic
################################################################################

Generally the Gelman diagnostic should be < 1.05


Out of 106 variables: 17 > 1.01

                      
0 > 1.05

                      
0 > 1.1


The worst variables are:

              Point est. Upper C.I.
ilr.global[1]   1.032212   1.111670
p.ind[3,2]      1.012539   1.045393
p.global[2]     1.012491   1.045200
p.ind[4,2]      1.012364   1.045006
p.ind[11,2]     1.012321   1.044555
p.ind[19,2]     1.012281   1.044405
p.ind[18,2]     1.012025   1.043466
p.ind[2,2]      1.011811   1.042697
p.ind[17,2]     1.011445   1.041386
p.ind[14,2]     1.011182   1.040449


And here are the Gelman diagnostics for all variables:

              Point est. Upper C.I.
deviance       1.0006296  1.0029102
ilr.cont1[1]   1.0010094  1.0021413
ilr.cont1[2]   1.0004406  1.0008575
ilr.cont1[3]   1.0009084  1.0024323
ilr.global[1]  1.0322122  1.1116702
ilr.global[2]  1.0043459  1.0146191
ilr.global[3]  1.0023018  1.0091257
loglik[1]      1.0004587  1.0021039
loglik[10]     1.0011736  1.0034289
loglik[11]     1.0006958  1.0034779
loglik[12]     1.0041040  1.0153042
loglik[13]     1.0024883  1.0098039
loglik[14]     1.0027831  1.0100616
loglik[15]     1.0007804  1.0036811
loglik[16]     1.0040256  1.0149622
loglik[17]     1.0046007  1.0170707
loglik[18]     1.0067056  1.0240418
loglik[19]     1.0066111  1.0241436
loglik[2]      1.0034818  1.0139639
loglik[3]      1.0008685  1.0043268
loglik[4]      1.0020610  1.0080267
loglik[5]      1.0061497  1.0186983
loglik[6]      1.0003116  1.0018040
loglik[7]      1.0028374  1.0111948
loglik[8]      0.9997875  0.9998143
loglik[9]      1.0009595  1.0046957
p.global[1]    1.0104271  1.0367854
p.global[2]    1.0124908  1.0451996
p.global[3]    1.0056843  1.0216305
p.global[4]    1.0049464  1.0175532
p.ind[1,1]     1.0041814  1.0127202
p.ind[1,2]     1.0044148  1.0164712
p.ind[1,3]     1.0017213  1.0068614
p.ind[1,4]     1.0014354  1.0042342
p.ind[10,1]    1.0043401  1.0160306
p.ind[10,2]    1.0055332  1.0211567
p.ind[10,3]    1.0037670  1.0146034
p.ind[10,4]    1.0024962  1.0102195
p.ind[11,1]    1.0101358  1.0358101
p.ind[11,2]    1.0123214  1.0445547
p.ind[11,3]    1.0054412  1.0208350
p.ind[11,4]    1.0050036  1.0174547
p.ind[12,1]    1.0095741  1.0325173
p.ind[12,2]    1.0090588  1.0337737
p.ind[12,3]    1.0050866  1.0191752
p.ind[12,4]    1.0031981  1.0127010
p.ind[13,1]    1.0054954  1.0194819
p.ind[13,2]    1.0061559  1.0234149
p.ind[13,3]    1.0039988  1.0153985
p.ind[13,4]    1.0026039  1.0106070
p.ind[14,1]    1.0089986  1.0316479
p.ind[14,2]    1.0111821  1.0404490
p.ind[14,3]    1.0044023  1.0172909
p.ind[14,4]    1.0047905  1.0157193
p.ind[15,1]    1.0109990  1.0377790
p.ind[15,2]    1.0110538  1.0406798
p.ind[15,3]    1.0058178  1.0217728
p.ind[15,4]    1.0037863  1.0146709
p.ind[16,1]    1.0039980  1.0120427
p.ind[16,2]    1.0041872  1.0156427
p.ind[16,3]    1.0016696  1.0066341
p.ind[16,4]    1.0013418  1.0039580
p.ind[17,1]    1.0092166  1.0324824
p.ind[17,2]    1.0114454  1.0413863
p.ind[17,3]    1.0046027  1.0179915
p.ind[17,4]    1.0048802  1.0161901
p.ind[18,1]    1.0097690  1.0345234
p.ind[18,2]    1.0120246  1.0434663
p.ind[18,3]    1.0051135  1.0197409
p.ind[18,4]    1.0050067  1.0171074
p.ind[19,1]    1.0100792  1.0356154
p.ind[19,2]    1.0122811  1.0444049
p.ind[19,3]    1.0053919  1.0206718
p.ind[19,4]    1.0050089  1.0174164
p.ind[2,1]     1.0095497  1.0337269
p.ind[2,2]     1.0118115  1.0426969
p.ind[2,3]     1.0049116  1.0190556
p.ind[2,4]     1.0049747  1.0167953
p.ind[3,1]     1.0105473  1.0371738
p.ind[3,2]     1.0125388  1.0453935
p.ind[3,3]     1.0057779  1.0219319
p.ind[3,4]     1.0049070  1.0175410
p.ind[4,1]     1.0111542  1.0389027
p.ind[4,2]     1.0123638  1.0450060
p.ind[4,3]     1.0061241  1.0229682
p.ind[4,4]     1.0044591  1.0166628
p.ind[5,1]     1.0065354  1.0217232
p.ind[5,2]     1.0076090  1.0278304
p.ind[5,3]     1.0026133  1.0105832
p.ind[5,4]     1.0029658  1.0089405
p.ind[6,1]     1.0054724  1.0194128
p.ind[6,2]     1.0061433  1.0233690
p.ind[6,3]     1.0039941  1.0153823
p.ind[6,4]     1.0026017  1.0105990
p.ind[7,1]     1.0087657  1.0297627
p.ind[7,2]     1.0083146  1.0311462
p.ind[7,3]     1.0048058  1.0181926
p.ind[7,4]     1.0030261  1.0121032
p.ind[8,1]     1.0047498  1.0148301
p.ind[8,2]     1.0051364  1.0190688
p.ind[8,3]     1.0018936  1.0076039
p.ind[8,4]     1.0017459  1.0051574
p.ind[9,1]     1.0027195  1.0071369
p.ind[9,2]     1.0026176  1.0096276
p.ind[9,3]     1.0013503  1.0050959
p.ind[9,4]     1.0007460  1.0022067

################################################################################
# Geweke Diagnostic
################################################################################

The Geweke diagnostic is a standard z-score, so we'd expect 5% to be outside +/-1.96
Number of variables outside +/-1.96 in each chain (out of 
106
):


       Chain 1 Chain 2 Chain 3
Geweke       0       4      51


And here are the Geweke diagnostics for all variables:

              chain1 chain2 chain3
deviance      -0.828 -0.618 -1.265
ilr.cont1[1]  -1.209  1.718 -2.495
ilr.cont1[2]  -0.713  2.281 -1.323
ilr.cont1[3]  -1.152  2.012 -1.053
ilr.global[1] -0.005 -0.417 -2.470
ilr.global[2]  0.171 -2.122 -0.050
ilr.global[3]  0.267 -2.679  0.225
loglik[1]     -0.769  0.514  0.397
loglik[10]    -0.097 -0.680  2.522
loglik[11]     0.335  0.883  0.921
loglik[12]    -0.198  1.401  1.190
loglik[13]    -0.472  0.819  2.116
loglik[14]     0.223  0.671  0.677
loglik[15]     1.065  0.770  1.227
loglik[16]     0.353 -0.738 -0.303
loglik[17]     0.093 -0.817  0.043
loglik[18]     0.068  0.361  0.783
loglik[19]    -0.184  0.210  0.747
loglik[2]     -0.571  0.118  0.579
loglik[3]      0.585 -0.978  0.123
loglik[4]     -0.157 -0.692  0.808
loglik[5]     -0.277  0.241  0.251
loglik[6]      0.271 -1.741 -0.132
loglik[7]     -0.402  1.514  1.430
loglik[8]      1.260  0.054 -0.141
loglik[9]      1.328 -0.397 -0.206
p.global[1]    0.055 -0.308 -3.500
p.global[2]   -0.164  0.081  2.413
p.global[3]    0.674 -0.026 -1.235
p.global[4]   -0.436  0.265 -2.474
p.ind[1,1]     0.258 -0.574 -1.907
p.ind[1,2]    -0.538 -0.143  1.508
p.ind[1,3]     1.518  0.791 -0.600
p.ind[1,4]    -0.917  0.467 -1.014
p.ind[10,1]   -1.485  0.158 -3.643
p.ind[10,2]    0.710  0.427  3.747
p.ind[10,3]   -0.445 -1.275 -1.688
p.ind[10,4]    0.159  0.029 -2.071
p.ind[11,1]    0.090 -0.317 -3.404
p.ind[11,2]   -0.217  0.063  2.215
p.ind[11,3]    0.771  0.031 -1.180
p.ind[11,4]   -0.483  0.282 -2.408
p.ind[12,1]   -0.755 -0.201 -3.669
p.ind[12,2]    0.516  0.303  3.173
p.ind[12,3]   -0.285 -0.742 -1.765
p.ind[12,4]    0.006  0.148 -2.871
p.ind[13,1]   -1.364 -0.001 -3.665
p.ind[13,2]    0.679  0.398  3.722
p.ind[13,3]   -0.429 -1.169 -1.927
p.ind[13,4]    0.134  0.078 -2.141
p.ind[14,1]    0.209 -0.323 -3.157
p.ind[14,2]   -0.308  0.002  2.280
p.ind[14,3]    1.052  0.225 -1.014
p.ind[14,4]   -0.540  0.513 -2.199
p.ind[15,1]   -0.400 -0.233 -3.536
p.ind[15,2]    0.293  0.135  2.995
p.ind[15,3]   -0.056 -0.478 -1.617
p.ind[15,4]   -0.119  0.176 -2.853
p.ind[16,1]    0.253 -0.582 -1.862
p.ind[16,2]   -0.542 -0.141  1.476
p.ind[16,3]    1.527  0.792 -0.572
p.ind[16,4]   -0.909  0.455 -0.971
p.ind[17,1]    0.190 -0.361 -3.196
p.ind[17,2]   -0.287  0.012  2.305
p.ind[17,3]    1.007  0.190 -1.041
p.ind[17,4]   -0.527  0.507 -2.254
p.ind[18,1]    0.134 -0.332 -2.878
p.ind[18,2]   -0.274  0.038  2.381
p.ind[18,3]    0.876  0.098 -1.190
p.ind[18,4]   -0.473  0.296 -2.327
p.ind[19,1]    0.097 -0.319 -3.388
p.ind[19,2]   -0.226  0.060  2.342
p.ind[19,3]    0.788  0.042 -1.170
p.ind[19,4]   -0.438  0.284 -2.395
p.ind[2,1]     0.157 -0.343 -2.821
p.ind[2,2]    -0.279  0.027  2.348
p.ind[2,3]     0.931  0.135 -1.086
p.ind[2,4]    -0.495  0.423 -2.281
p.ind[3,1]     0.033 -0.305 -3.546
p.ind[3,2]    -0.140  0.088  2.446
p.ind[3,3]     0.629 -0.052 -1.261
p.ind[3,4]    -0.460  0.260 -2.503
p.ind[4,1]    -0.138 -0.251 -3.415
p.ind[4,2]     0.049  0.087  2.692
p.ind[4,3]     0.308 -0.238 -1.408
p.ind[4,4]    -0.288  0.210 -2.866
p.ind[5,1]     0.282 -0.423 -2.748
p.ind[5,2]    -0.487 -0.082  1.843
p.ind[5,3]     1.374  0.566 -0.779
p.ind[5,4]    -0.696  0.587 -1.480
p.ind[6,1]    -1.366  0.000 -3.665
p.ind[6,2]     0.679  0.398  3.723
p.ind[6,3]    -0.430 -1.171 -1.926
p.ind[6,4]     0.134  0.077 -2.139
p.ind[7,1]    -0.897 -0.177 -3.677
p.ind[7,2]     0.533  0.340  3.285
p.ind[7,3]    -0.337 -0.838 -1.795
p.ind[7,4]     0.042  0.196 -2.780
p.ind[8,1]     0.272 -0.549 -2.041
p.ind[8,2]    -0.580 -0.102  1.599
p.ind[8,3]     1.489  0.782 -0.684
p.ind[8,4]    -0.936  0.501 -1.145
p.ind[9,1]     0.176 -0.655 -1.481
p.ind[9,2]    -0.578 -0.107  1.162
p.ind[9,3]     1.594  0.770 -0.328
p.ind[9,4]    -0.830  0.352 -0.630
