
################################################################################
# Gelman-Rubin Diagnostic
################################################################################

Generally the Gelman diagnostic should be < 1.05


Out of 106 variables: 17 > 1.01

                      
0 > 1.05

                      
0 > 1.1


The worst variables are:

              Point est. Upper C.I.
p.ind[4,1]      1.013715   1.038253
p.ind[15,1]     1.013686   1.038221
p.ind[17,1]     1.013567   1.037968
p.ind[3,1]      1.013158   1.036389
ilr.global[1]   1.012815   1.038783
p.ind[14,1]     1.012680   1.035716
p.ind[11,1]     1.012504   1.035254
p.global[1]     1.011621   1.032922
p.ind[17,2]     1.011363   1.037820
p.ind[15,2]     1.011293   1.037482


And here are the Gelman diagnostics for all variables:

              Point est. Upper C.I.
deviance       1.0009153  1.0046951
ilr.cont1[1]   1.0002090  1.0016467
ilr.cont1[2]   1.0019642  1.0072325
ilr.cont1[3]   1.0017804  1.0063416
ilr.global[1]  1.0128152  1.0387829
ilr.global[2]  1.0015649  1.0055990
ilr.global[3]  1.0018307  1.0064127
loglik[1]      1.0007309  1.0031105
loglik[10]     1.0030353  1.0071929
loglik[11]     1.0005707  1.0022453
loglik[12]     1.0028524  1.0093522
loglik[13]     1.0041834  1.0113961
loglik[14]     1.0011231  1.0041669
loglik[15]     1.0000614  1.0006687
loglik[16]     1.0002952  1.0022347
loglik[17]     1.0032873  1.0110965
loglik[18]     1.0020969  1.0086112
loglik[19]     1.0030793  1.0116900
loglik[2]      1.0014186  1.0057333
loglik[3]      0.9996646  0.9998695
loglik[4]      1.0009156  1.0038792
loglik[5]      1.0005494  1.0019635
loglik[6]      1.0000618  1.0002175
loglik[7]      1.0019849  1.0066750
loglik[8]      1.0000851  1.0015910
loglik[9]      1.0004534  1.0029793
p.global[1]    1.0116211  1.0329223
p.global[2]    1.0108294  1.0371455
p.global[3]    1.0028819  1.0111347
p.global[4]    1.0039853  1.0148511
p.ind[1,1]     1.0004272  1.0025866
p.ind[1,2]     1.0031207  1.0125682
p.ind[1,3]     1.0009332  1.0045976
p.ind[1,4]     1.0019800  1.0080696
p.ind[10,1]    1.0056724  1.0158930
p.ind[10,2]    1.0060259  1.0200842
p.ind[10,3]    1.0016226  1.0054999
p.ind[10,4]    1.0014019  1.0060880
p.ind[11,1]    1.0125036  1.0352544
p.ind[11,2]    1.0111699  1.0378284
p.ind[11,3]    1.0029443  1.0111643
p.ind[11,4]    1.0037796  1.0141647
p.ind[12,1]    1.0060443  1.0168799
p.ind[12,2]    1.0061987  1.0207063
p.ind[12,3]    1.0016479  1.0056259
p.ind[12,4]    1.0014324  1.0062066
p.ind[13,1]    1.0042250  1.0119822
p.ind[13,2]    1.0053236  1.0175012
p.ind[13,3]    1.0015236  1.0050008
p.ind[13,4]    1.0012848  1.0056187
p.ind[14,1]    1.0126796  1.0357159
p.ind[14,2]    1.0112272  1.0379229
p.ind[14,3]    1.0029523  1.0111484
p.ind[14,4]    1.0037258  1.0139859
p.ind[15,1]    1.0136859  1.0382206
p.ind[15,2]    1.0112935  1.0374824
p.ind[15,3]    1.0028904  1.0105697
p.ind[15,4]    1.0031410  1.0120519
p.ind[16,1]    1.0008687  1.0015965
p.ind[16,2]    1.0010086  1.0041975
p.ind[16,3]    1.0005318  1.0028578
p.ind[16,4]    1.0005877  1.0033083
p.ind[17,1]    1.0135670  1.0379676
p.ind[17,2]    1.0113627  1.0378205
p.ind[17,3]    1.0029286  1.0107778
p.ind[17,4]    1.0032896  1.0125423
p.ind[18,1]    1.0022674  1.0080394
p.ind[18,2]    1.0052965  1.0205652
p.ind[18,3]    1.0014819  1.0066979
p.ind[18,4]    1.0031344  1.0120282
p.ind[19,1]    1.0105639  1.0301155
p.ind[19,2]    1.0103544  1.0360423
p.ind[19,3]    1.0027777  1.0109491
p.ind[19,4]    1.0041382  1.0153669
p.ind[2,1]     1.0073948  1.0217208
p.ind[2,2]     1.0087111  1.0316363
p.ind[2,3]     1.0023731  1.0098490
p.ind[2,4]     1.0042007  1.0156057
p.ind[3,1]     1.0131577  1.0363886
p.ind[3,2]     1.0103792  1.0343839
p.ind[3,3]     1.0025800  1.0092868
p.ind[3,4]     1.0025131  1.0099751
p.ind[4,1]     1.0137149  1.0382533
p.ind[4,2]     1.0112262  1.0372127
p.ind[4,3]     1.0028611  1.0104285
p.ind[4,4]     1.0030528  1.0117609
p.ind[5,1]     1.0001585  1.0011980
p.ind[5,2]     1.0019958  1.0082976
p.ind[5,3]     1.0006838  1.0036187
p.ind[5,4]     1.0013013  1.0057496
p.ind[6,1]     1.0071071  1.0196914
p.ind[6,2]     1.0066944  1.0224573
p.ind[6,3]     1.0017261  1.0059967
p.ind[6,4]     1.0015239  1.0065542
p.ind[7,1]     1.0049616  1.0139923
p.ind[7,2]     1.0056903  1.0188604
p.ind[7,3]     1.0015751  1.0052594
p.ind[7,4]     1.0013446  1.0058614
p.ind[8,1]     1.0001645  1.0014234
p.ind[8,2]     1.0022727  1.0093595
p.ind[8,3]     1.0007412  1.0038494
p.ind[8,4]     1.0014743  1.0063397
p.ind[9,1]     1.0018269  1.0028473
p.ind[9,2]     1.0008305  1.0029158
p.ind[9,3]     1.0005618  1.0027203
p.ind[9,4]     1.0003262  1.0023720

################################################################################
# Geweke Diagnostic
################################################################################

The Geweke diagnostic is a standard z-score, so we'd expect 5% to be outside +/-1.96
Number of variables outside +/-1.96 in each chain (out of 
106
):


       Chain 1 Chain 2 Chain 3
Geweke       0      60       1


And here are the Geweke diagnostics for all variables:

              chain1 chain2 chain3
deviance      -1.529 -3.492 -0.124
ilr.cont1[1]  -0.266  3.294  0.876
ilr.cont1[2]   0.643  2.132  1.517
ilr.cont1[3]   0.653  1.694  1.657
ilr.global[1]  0.825 -2.500  0.927
ilr.global[2]  1.076 -1.090  0.308
ilr.global[3]  0.955 -1.049  0.039
loglik[1]      1.803  0.006  2.012
loglik[10]     1.172  0.264 -0.047
loglik[11]     1.356  0.567  0.042
loglik[12]     1.027  0.651 -0.888
loglik[13]     1.325  0.599 -0.544
loglik[14]     1.400  0.882 -0.242
loglik[15]     1.105  0.311  0.350
loglik[16]    -0.608  1.921 -1.094
loglik[17]     0.194  2.337 -0.893
loglik[18]     0.445  3.069 -1.111
loglik[19]     0.601  2.508 -0.323
loglik[2]      0.982  2.242  0.406
loglik[3]     -0.587  0.039 -0.236
loglik[4]     -0.315  1.586 -1.295
loglik[5]      0.541  2.339 -0.335
loglik[6]      0.596 -0.893  1.109
loglik[7]      0.902  0.511 -0.750
loglik[8]     -0.965  0.880 -0.863
loglik[9]     -0.963  1.830 -0.908
p.global[1]    0.614 -2.229  1.077
p.global[2]   -0.787  2.807 -0.998
p.global[3]    0.407 -3.202  0.611
p.global[4]    1.144 -2.047  0.842
p.ind[1,1]    -0.020 -3.883  0.277
p.ind[1,2]    -0.548  2.504 -0.476
p.ind[1,3]     0.160 -2.576  0.101
p.ind[1,4]     1.250 -1.664  0.803
p.ind[10,1]    0.876 -1.131  0.952
p.ind[10,2]   -0.979  1.913 -1.780
p.ind[10,3]    0.576 -1.334  1.378
p.ind[10,4]    0.695 -1.440  1.400
p.ind[11,1]    0.661 -2.110  1.108
p.ind[11,2]   -0.800  2.800 -1.044
p.ind[11,3]    0.428 -3.137  0.673
p.ind[11,4]    1.102 -2.422  0.865
p.ind[12,1]    0.889 -1.168  0.982
p.ind[12,2]   -0.983  1.967 -1.772
p.ind[12,3]    0.575 -1.395  1.353
p.ind[12,4]    0.702 -1.471  1.407
p.ind[13,1]    0.804 -0.937  0.799
p.ind[13,2]   -0.951  1.714 -1.803
p.ind[13,3]    0.606 -1.077  1.431
p.ind[13,4]    0.670 -1.309  1.371
p.ind[14,1]    0.672 -2.083  1.115
p.ind[14,2]   -0.804  2.798 -1.055
p.ind[14,3]    0.433 -3.118  0.688
p.ind[14,4]    1.092 -2.407  0.870
p.ind[15,1]    0.776 -1.645  1.177
p.ind[15,2]   -0.868  2.745 -1.143
p.ind[15,3]    0.482 -2.860  0.834
p.ind[15,4]    1.088 -2.236  0.930
p.ind[16,1]   -0.321 -3.905 -0.140
p.ind[16,2]   -0.512  3.470 -0.334
p.ind[16,3]    0.133 -2.144  0.058
p.ind[16,4]    1.140 -1.280  0.793
p.ind[17,1]    0.751 -1.880  1.163
p.ind[17,2]   -0.838  2.764 -1.118
p.ind[17,3]    0.470 -2.935  0.798
p.ind[17,4]    1.016 -2.282  0.915
p.ind[18,1]    0.180 -3.285  0.555
p.ind[18,2]   -0.606  2.544 -0.579
p.ind[18,3]    0.229 -2.936  0.188
p.ind[18,4]    1.170 -1.874  0.827
p.ind[19,1]    0.566 -2.348  1.044
p.ind[19,2]   -0.777  2.810 -0.952
p.ind[19,3]    0.386 -3.239  0.549
p.ind[19,4]    1.183 -2.055  0.823
p.ind[2,1]     0.437 -2.216  0.804
p.ind[2,2]    -0.763  2.722 -0.834
p.ind[2,3]     0.337 -3.215  0.396
p.ind[2,4]     1.115 -2.109  0.906
p.ind[3,1]     0.873 -1.508  1.202
p.ind[3,2]    -0.922  2.864 -1.133
p.ind[3,3]     0.530 -2.472  0.990
p.ind[3,4]     0.929 -2.016  0.995
p.ind[4,1]     0.791 -1.623  1.186
p.ind[4,2]    -0.875  2.733 -1.158
p.ind[4,3]     0.489 -2.813  0.855
p.ind[4,4]     1.069 -2.208  0.939
p.ind[5,1]    -0.156 -3.962  0.113
p.ind[5,2]    -0.554  2.481 -0.416
p.ind[5,3]     0.143 -2.342  0.071
p.ind[5,4]     1.206 -1.513  0.794
p.ind[6,1]     0.919 -1.252  1.052
p.ind[6,2]    -0.991  2.107 -1.743
p.ind[6,3]     0.570 -1.503  1.312
p.ind[6,4]     0.722 -1.557  1.427
p.ind[7,1]     0.845 -1.049  0.886
p.ind[7,2]    -0.968  1.864 -1.794
p.ind[7,3]     0.607 -1.213  1.404
p.ind[7,4]     0.683 -1.379  1.386
p.ind[8,1]    -0.120 -3.958  0.159
p.ind[8,2]    -0.561  2.487 -0.432
p.ind[8,3]     0.135 -2.405  0.078
p.ind[8,4]     1.220 -1.555  0.796
p.ind[9,1]    -0.402 -3.576 -0.302
p.ind[9,2]    -0.533  3.412 -0.287
p.ind[9,3]     0.128 -1.929  0.062
p.ind[9,4]     1.100 -1.136  0.790
