
################################################################################
# Gelman-Rubin Diagnostic
################################################################################

Generally the Gelman diagnostic should be < 1.05


Out of 106 variables: 2 > 1.01

                      
0 > 1.05

                      
0 > 1.1


The worst variables are:

              Point est. Upper C.I.
ilr.global[3]   1.013864   1.033430
ilr.global[2]   1.010084   1.025732
ilr.global[1]   1.006560   1.020349
ilr.cont1[1]    1.005365   1.018024
p.ind[9,1]      1.005168   1.014177
p.ind[16,1]     1.004807   1.014540
ilr.cont1[3]    1.004709   1.007634
p.ind[5,1]      1.004112   1.014133
p.ind[1,1]      1.004013   1.014015
ilr.cont1[2]    1.003996   1.005523


And here are the Gelman diagnostics for all variables:

              Point est. Upper C.I.
deviance       1.0016396   1.002983
ilr.cont1[1]   1.0053648   1.018024
ilr.cont1[2]   1.0039956   1.005523
ilr.cont1[3]   1.0047094   1.007634
ilr.global[1]  1.0065600   1.020349
ilr.global[2]  1.0100836   1.025732
ilr.global[3]  1.0138637   1.033430
loglik[1]      1.0008302   1.003914
loglik[10]     1.0021884   1.006182
loglik[11]     1.0008734   1.002690
loglik[12]     1.0000552   1.000631
loglik[13]     1.0001214   1.000145
loglik[14]     1.0013950   1.003683
loglik[15]     1.0000835   1.000472
loglik[16]     1.0007103   1.003268
loglik[17]     1.0009521   1.001504
loglik[18]     1.0009685   1.003492
loglik[19]     1.0009517   1.002683
loglik[2]      1.0002812   1.001613
loglik[3]      1.0004450   1.001336
loglik[4]      1.0004459   1.001231
loglik[5]      1.0011281   1.005400
loglik[6]      1.0021779   1.007164
loglik[7]      1.0004546   1.002132
loglik[8]      1.0002655   1.001984
loglik[9]      1.0005992   1.001450
p.global[1]    1.0027907   1.011214
p.global[2]    1.0009785   1.004925
p.global[3]    1.0006793   1.003078
p.global[4]    0.9997701   1.000089
p.ind[1,1]     1.0040135   1.014015
p.ind[1,2]     1.0020017   1.007791
p.ind[1,3]     1.0009143   1.004665
p.ind[1,4]     1.0008200   1.001435
p.ind[10,1]    1.0010844   1.003737
p.ind[10,2]    1.0002569   1.001963
p.ind[10,3]    1.0004150   1.001528
p.ind[10,4]    1.0000589   1.001187
p.ind[11,1]    1.0027423   1.011043
p.ind[11,2]    1.0009108   1.004667
p.ind[11,3]    1.0006384   1.002794
p.ind[11,4]    0.9997925   1.000124
p.ind[12,1]    1.0013965   1.005139
p.ind[12,2]    1.0001924   1.001762
p.ind[12,3]    1.0002768   1.001017
p.ind[12,4]    1.0000087   1.000960
p.ind[13,1]    1.0009050   1.002972
p.ind[13,2]    1.0003193   1.002148
p.ind[13,3]    1.0005092   1.001844
p.ind[13,4]    1.0000881   1.001317
p.ind[14,1]    1.0028570   1.011439
p.ind[14,2]    1.0010719   1.005268
p.ind[14,3]    1.0007314   1.003446
p.ind[14,4]    0.9997444   1.000048
p.ind[15,1]    1.0024184   1.009788
p.ind[15,2]    1.0005277   1.003131
p.ind[15,3]    1.0003702   1.001202
p.ind[15,4]    0.9998906   1.000327
p.ind[16,1]    1.0048072   1.014540
p.ind[16,2]    1.0020992   1.008337
p.ind[16,3]    1.0008657   1.004440
p.ind[16,4]    1.0008951   1.001841
p.ind[17,1]    1.0027023   1.010897
p.ind[17,2]    1.0008558   1.004453
p.ind[17,3]    1.0006036   1.002559
p.ind[17,4]    0.9998109   1.000154
p.ind[18,1]    1.0033193   1.012724
p.ind[18,2]    1.0016018   1.006822
p.ind[18,3]    1.0009154   1.004667
p.ind[18,4]    1.0000666   1.000388
p.ind[19,1]    1.0028698   1.011481
p.ind[19,2]    1.0010898   1.005331
p.ind[19,3]    1.0007409   1.003513
p.ind[19,4]    0.9997408   1.000041
p.ind[2,1]     1.0028383   1.011377
p.ind[2,2]     1.0010456   1.005173
p.ind[2,3]     1.0007173   1.003346
p.ind[2,4]     0.9997507   1.000058
p.ind[3,1]     1.0025646   1.010374
p.ind[3,2]     1.0006814   1.003756
p.ind[3,3]     1.0004838   1.001810
p.ind[3,4]     0.9998613   1.000247
p.ind[4,1]     1.0025371   1.010266
p.ind[4,2]     1.0006499   1.003628
p.ind[4,3]     1.0004610   1.001679
p.ind[4,4]     0.9998685   1.000263
p.ind[5,1]     1.0041123   1.014133
p.ind[5,2]     1.0020283   1.007879
p.ind[5,3]     1.0009084   1.004637
p.ind[5,4]     1.0008645   1.001525
p.ind[6,1]     1.0010529   1.003601
p.ind[6,2]     1.0002664   1.001992
p.ind[6,3]     1.0004308   1.001582
p.ind[6,4]     1.0000640   1.001210
p.ind[7,1]     1.0015239   1.005737
p.ind[7,2]     1.0001829   1.001734
p.ind[7,3]     1.0002332   1.000834
p.ind[7,4]     0.9999887   1.000866
p.ind[8,1]     1.0039837   1.013976
p.ind[8,2]     1.0019925   1.007763
p.ind[8,3]     1.0009160   1.004673
p.ind[8,4]     1.0008037   1.001405
p.ind[9,1]     1.0051676   1.014177
p.ind[9,2]     1.0020898   1.008595
p.ind[9,3]     1.0008330   1.004282
p.ind[9,4]     1.0007332   1.001856

################################################################################
# Geweke Diagnostic
################################################################################

The Geweke diagnostic is a standard z-score, so we'd expect 5% to be outside +/-1.96
Number of variables outside +/-1.96 in each chain (out of 
106
):


       Chain 1 Chain 2 Chain 3
Geweke       2      78      82


And here are the Geweke diagnostics for all variables:

              chain1 chain2 chain3
deviance      -1.522 -0.278  2.138
ilr.cont1[1]  -0.985  0.273  0.215
ilr.cont1[2]  -1.037  0.158 -1.222
ilr.cont1[3]  -1.090  0.312 -1.469
ilr.global[1] -1.028 -3.703  3.151
ilr.global[2] -0.885 -3.343  0.896
ilr.global[3] -0.736 -3.559  0.546
loglik[1]     -0.237  0.442 -1.132
loglik[10]     1.222  0.890 -3.124
loglik[11]     0.953  1.796 -2.483
loglik[12]    -0.115  0.517 -1.069
loglik[13]     0.110  0.336 -1.878
loglik[14]     1.510  1.505 -3.090
loglik[15]     0.056  2.425 -1.335
loglik[16]     1.333  1.465 -1.996
loglik[17]     0.556  0.384 -0.533
loglik[18]     2.047  1.262 -2.697
loglik[19]     0.876  1.408 -1.982
loglik[2]      0.130  1.769 -1.469
loglik[3]      0.640 -0.530 -0.554
loglik[4]      0.945 -0.252 -1.573
loglik[5]      1.760  0.946 -3.672
loglik[6]      1.297  0.255 -0.670
loglik[7]     -0.611 -0.059 -0.420
loglik[8]      1.141  0.182 -0.898
loglik[9]      0.944  0.978 -2.088
p.global[1]   -1.082 -3.630  4.321
p.global[2]    1.094  3.672 -2.821
p.global[3]   -0.244 -2.470  2.824
p.global[4]   -1.605 -2.866  3.005
p.ind[1,1]    -1.143 -3.338  6.048
p.ind[1,2]     1.291  3.145 -3.625
p.ind[1,3]    -0.484 -2.086  2.359
p.ind[1,4]    -1.733 -2.887  2.613
p.ind[10,1]   -1.461 -5.390  4.656
p.ind[10,2]    1.349  4.319 -2.584
p.ind[10,3]    0.371 -1.758  1.703
p.ind[10,4]   -1.834 -2.322  2.917
p.ind[11,1]   -1.104 -3.235  4.265
p.ind[11,2]    1.073  3.660 -3.202
p.ind[11,3]   -0.222 -2.496  2.811
p.ind[11,4]   -1.611 -2.861  3.041
p.ind[12,1]   -1.368 -5.493  4.556
p.ind[12,2]    1.366  4.534 -2.849
p.ind[12,3]    0.293 -1.954  1.901
p.ind[12,4]   -1.935 -2.446  3.619
p.ind[13,1]   -1.516 -5.059  4.669
p.ind[13,2]    1.400  4.182 -2.582
p.ind[13,3]    0.411 -1.639  1.607
p.ind[13,4]   -1.781 -2.265  2.934
p.ind[14,1]   -1.081 -3.530  4.422
p.ind[14,2]    1.221  3.601 -3.099
p.ind[14,3]   -0.273 -2.434  2.081
p.ind[14,4]   -1.601 -2.873  2.960
p.ind[15,1]   -0.908 -3.615  3.330
p.ind[15,2]    1.081  3.684 -2.845
p.ind[15,3]   -0.074 -2.231  2.105
p.ind[15,4]   -1.686 -2.840  3.269
p.ind[16,1]   -1.432 -2.747  6.005
p.ind[16,2]    1.211  2.429 -3.665
p.ind[16,3]   -0.455 -1.421  1.524
p.ind[16,4]   -1.550 -2.682  1.999
p.ind[17,1]   -1.132 -3.269  4.230
p.ind[17,2]    1.059  3.709 -3.189
p.ind[17,3]   -0.187 -2.515  2.800
p.ind[17,4]   -1.619 -2.855  3.073
p.ind[18,1]   -1.012 -3.665  5.277
p.ind[18,2]    1.234  3.232 -2.988
p.ind[18,3]   -0.467 -2.267  2.581
p.ind[18,4]   -1.830 -2.907  2.807
p.ind[19,1]   -1.084 -3.506  4.444
p.ind[19,2]    1.224  3.589 -3.105
p.ind[19,3]   -0.279 -2.428  2.083
p.ind[19,4]   -1.601 -2.874  2.952
p.ind[2,1]    -1.078 -3.562  4.391
p.ind[2,2]     1.218  3.619 -3.088
p.ind[2,3]    -0.265 -2.444  2.079
p.ind[2,4]    -1.601 -2.871  2.972
p.ind[3,1]    -0.908 -3.391  3.317
p.ind[3,2]     1.029  3.883 -2.796
p.ind[3,3]    -0.128 -2.518  2.277
p.ind[3,4]    -1.651 -2.828  3.168
p.ind[4,1]    -0.906 -3.423  3.315
p.ind[4,2]     1.026  3.916 -2.801
p.ind[4,3]    -0.117 -2.519  2.248
p.ind[4,4]    -1.658 -2.821  3.188
p.ind[5,1]    -1.170 -3.262  6.046
p.ind[5,2]     1.295  3.134 -3.668
p.ind[5,3]    -0.481 -2.063  2.244
p.ind[5,4]    -1.713 -2.580  2.564
p.ind[6,1]    -1.470 -5.339  4.660
p.ind[6,2]     1.347  4.296 -2.583
p.ind[6,3]     0.378 -1.736  1.685
p.ind[6,4]    -1.825 -2.311  2.920
p.ind[7,1]    -1.333 -5.585  4.493
p.ind[7,2]     1.449  4.613 -2.805
p.ind[7,3]     0.256 -2.064  1.651
p.ind[7,4]    -1.980 -2.508  3.606
p.ind[8,1]    -1.135 -3.362  6.047
p.ind[8,2]     1.290  3.149 -3.610
p.ind[8,3]    -0.485 -2.093  2.395
p.ind[8,4]    -1.738 -2.896  2.627
p.ind[9,1]    -1.309 -2.416  5.830
p.ind[9,2]     1.178  2.314 -3.478
p.ind[9,3]    -0.456 -1.358  1.041
p.ind[9,4]    -1.729 -2.520  1.681
