
################################################################################
# Gelman-Rubin Diagnostic
################################################################################

Generally the Gelman diagnostic should be < 1.05


Out of 106 variables: 15 > 1.01

                      
0 > 1.05

                      
0 > 1.1


The worst variables are:

              Point est. Upper C.I.
ilr.global[2]   1.038576   1.108260
ilr.global[3]   1.037672   1.104569
ilr.global[1]   1.027287   1.077395
p.ind[3,1]      1.011379   1.041502
p.global[1]     1.011370   1.041534
p.ind[11,1]     1.011336   1.041539
p.ind[4,1]      1.011331   1.040756
p.ind[19,1]     1.011327   1.041530
p.ind[18,1]     1.011272   1.041426
p.ind[2,1]      1.011224   1.041305


And here are the Gelman diagnostics for all variables:

              Point est. Upper C.I.
deviance       0.9999356  1.0000665
ilr.cont1[1]   1.0044425  1.0104072
ilr.cont1[2]   1.0074519  1.0123719
ilr.cont1[3]   1.0088859  1.0129072
ilr.global[1]  1.0272870  1.0773955
ilr.global[2]  1.0385763  1.1082597
ilr.global[3]  1.0376720  1.1045690
loglik[1]      1.0004354  1.0013053
loglik[10]     1.0010956  1.0038128
loglik[11]     0.9996446  0.9999000
loglik[12]     1.0008644  1.0026511
loglik[13]     1.0010340  1.0031629
loglik[14]     1.0002136  1.0016680
loglik[15]     1.0018905  1.0079947
loglik[16]     1.0013450  1.0038573
loglik[17]     1.0003068  1.0021059
loglik[18]     1.0001021  1.0015198
loglik[19]     0.9998398  1.0003122
loglik[2]      0.9997870  0.9998220
loglik[3]      0.9999945  1.0011082
loglik[4]      1.0020538  1.0074748
loglik[5]      1.0019514  1.0063977
loglik[6]      1.0035944  1.0086817
loglik[7]      1.0011343  1.0042862
loglik[8]      1.0010760  1.0017564
loglik[9]      1.0014580  1.0015507
p.global[1]    1.0113702  1.0415344
p.global[2]    1.0041007  1.0158123
p.global[3]    1.0001043  1.0010403
p.global[4]    1.0019083  1.0078148
p.ind[1,1]     1.0083051  1.0287872
p.ind[1,2]     1.0029766  1.0118680
p.ind[1,3]     1.0012016  1.0031551
p.ind[1,4]     1.0014402  1.0065340
p.ind[10,1]    1.0090781  1.0289764
p.ind[10,2]    1.0016343  1.0068012
p.ind[10,3]    0.9998903  1.0007538
p.ind[10,4]    1.0024775  1.0098862
p.ind[11,1]    1.0113356  1.0415391
p.ind[11,2]    1.0041429  1.0160351
p.ind[11,3]    1.0001644  1.0012486
p.ind[11,4]    1.0018537  1.0076176
p.ind[12,1]    1.0104441  1.0359116
p.ind[12,2]    1.0024283  1.0092542
p.ind[12,3]    0.9997225  0.9998039
p.ind[12,4]    1.0022638  1.0090987
p.ind[13,1]    1.0094321  1.0305908
p.ind[13,2]    1.0017279  1.0070743
p.ind[13,3]    0.9998383  1.0005069
p.ind[13,4]    1.0024303  1.0097041
p.ind[14,1]    1.0110728  1.0408351
p.ind[14,2]    1.0041044  1.0160911
p.ind[14,3]    1.0004115  1.0019080
p.ind[14,4]    1.0016524  1.0069356
p.ind[15,1]    1.0109992  1.0387676
p.ind[15,2]    1.0031133  1.0117191
p.ind[15,3]    0.9997735  0.9998166
p.ind[15,4]    1.0021710  1.0087833
p.ind[16,1]    1.0081344  1.0280273
p.ind[16,2]    1.0029473  1.0117153
p.ind[16,3]    1.0012188  1.0031839
p.ind[16,4]    1.0014480  1.0065730
p.ind[17,1]    1.0111376  1.0410480
p.ind[17,2]    1.0041309  1.0161569
p.ind[17,3]    1.0003623  1.0017969
p.ind[17,4]    1.0016885  1.0070525
p.ind[18,1]    1.0112717  1.0414264
p.ind[18,2]    1.0041604  1.0161728
p.ind[18,3]    1.0002413  1.0014844
p.ind[18,4]    1.0017861  1.0073805
p.ind[19,1]    1.0113271  1.0415297
p.ind[19,2]    1.0041479  1.0160656
p.ind[19,3]    1.0001761  1.0012868
p.ind[19,4]    1.0018431  1.0075802
p.ind[2,1]     1.0112237  1.0413047
p.ind[2,2]     1.0041558  1.0161950
p.ind[2,3]     1.0002886  1.0016140
p.ind[2,4]     1.0017465  1.0072455
p.ind[3,1]     1.0113794  1.0415024
p.ind[3,2]     1.0040737  1.0156819
p.ind[3,3]     1.0000791  1.0009470
p.ind[3,4]     1.0019312  1.0078988
p.ind[4,1]     1.0113315  1.0407562
p.ind[4,2]     1.0037443  1.0142401
p.ind[4,3]     0.9999209  1.0003156
p.ind[4,4]     1.0020644  1.0083979
p.ind[5,1]     1.0099341  1.0362600
p.ind[5,2]     1.0035073  1.0140751
p.ind[5,3]     1.0009171  1.0027541
p.ind[5,4]     1.0014184  1.0062901
p.ind[6,1]     1.0094258  1.0305605
p.ind[6,2]     1.0017258  1.0070681
p.ind[6,3]     0.9998392  1.0005116
p.ind[6,4]     1.0024312  1.0097075
p.ind[7,1]     1.0102247  1.0347544
p.ind[7,2]     1.0022141  1.0085501
p.ind[7,3]     0.9997330  0.9999132
p.ind[7,4]     1.0023002  1.0092252
p.ind[8,1]     1.0087720  1.0309245
p.ind[8,2]     1.0030794  1.0123579
p.ind[8,3]     1.0011456  1.0030684
p.ind[8,4]     1.0014214  1.0064301
p.ind[9,1]     1.0063259  1.0208375
p.ind[9,2]     1.0027910  1.0106560
p.ind[9,3]     1.0013447  1.0034412
p.ind[9,4]     1.0015366  1.0069561

################################################################################
# Geweke Diagnostic
################################################################################

The Geweke diagnostic is a standard z-score, so we'd expect 5% to be outside +/-1.96
Number of variables outside +/-1.96 in each chain (out of 
106
):


       Chain 1 Chain 2 Chain 3
Geweke       0       4       1


And here are the Geweke diagnostics for all variables:

              chain1 chain2 chain3
deviance      -1.912  2.082  0.033
ilr.cont1[1]  -1.200  0.140  0.153
ilr.cont1[2]   0.562 -0.012  1.472
ilr.cont1[3]   0.110 -0.323  0.994
ilr.global[1]  0.350  1.244  0.438
ilr.global[2]  0.564  0.214  1.260
ilr.global[3]  0.570  0.219  1.269
loglik[1]      0.185 -0.188 -2.122
loglik[10]     1.348 -0.678 -1.547
loglik[11]     1.686 -1.224 -0.792
loglik[12]     0.091 -1.895 -0.030
loglik[13]     0.481 -1.821 -0.595
loglik[14]     1.272 -1.645 -0.921
loglik[15]     0.520  0.523  0.255
loglik[16]     0.932 -0.749  0.043
loglik[17]    -0.125 -1.773  0.660
loglik[18]     0.663 -1.243 -0.663
loglik[19]     0.166 -1.252 -0.440
loglik[2]     -0.166 -0.940 -0.662
loglik[3]      0.396  0.532 -0.009
loglik[4]      0.056 -1.918 -0.561
loglik[5]      1.135 -1.643 -1.055
loglik[6]      1.196  1.516 -1.258
loglik[7]     -0.120 -1.749  0.343
loglik[8]      1.081  0.723  1.587
loglik[9]      1.835 -0.344  1.059
p.global[1]   -0.051  0.786  0.218
p.global[2]   -0.123 -0.927 -0.098
p.global[3]    0.120  0.990 -0.136
p.global[4]    0.240  0.917  0.182
p.ind[1,1]     0.075  1.087  0.279
p.ind[1,2]    -0.567 -0.410 -0.372
p.ind[1,3]     0.730  0.628  1.028
p.ind[1,4]     0.272 -0.146 -0.353
p.ind[10,1]   -0.517  1.211  0.176
p.ind[10,2]    0.169 -1.678  0.335
p.ind[10,3]   -0.616  1.405 -1.579
p.ind[10,4]    0.548  2.007  0.836
p.ind[11,1]   -0.044  0.704  0.224
p.ind[11,2]   -0.133 -0.891 -0.110
p.ind[11,3]    0.161  0.955 -0.052
p.ind[11,4]    0.228  0.864  0.137
p.ind[12,1]   -0.207  1.202  0.258
p.ind[12,2]   -0.020 -1.274  0.121
p.ind[12,3]   -0.361  1.554 -1.197
p.ind[12,4]    0.516  1.720  0.757
p.ind[13,1]   -0.440  1.236  0.187
p.ind[13,2]    0.126 -1.612  0.293
p.ind[13,3]   -0.577  1.512 -1.543
p.ind[13,4]    0.544  2.028  0.826
p.ind[14,1]   -0.023  0.715  0.209
p.ind[14,2]   -0.187 -0.803 -0.149
p.ind[14,3]    0.299  0.857  0.214
p.ind[14,4]    0.196  0.706 -0.004
p.ind[15,1]   -0.126  0.919  0.281
p.ind[15,2]   -0.073 -1.091  0.015
p.ind[15,3]   -0.209  1.557 -0.893
p.ind[15,4]    0.467  1.549  0.640
p.ind[16,1]    0.079  1.085  0.281
p.ind[16,2]   -0.584 -0.449 -0.384
p.ind[16,3]    0.745  0.617  1.052
p.ind[16,4]    0.277 -0.200 -0.352
p.ind[17,1]   -0.027  0.713  0.209
p.ind[17,2]   -0.174 -0.816 -0.141
p.ind[17,3]    0.273  0.872  0.167
p.ind[17,4]    0.201  0.733  0.018
p.ind[18,1]   -0.037  0.703  0.232
p.ind[18,2]   -0.146 -0.856 -0.123
p.ind[18,3]    0.206  0.918  0.041
p.ind[18,4]    0.215  0.807  0.087
p.ind[19,1]   -0.043  0.704  0.225
p.ind[19,2]   -0.135 -0.885 -0.112
p.ind[19,3]    0.169  0.949 -0.037
p.ind[19,4]    0.225  0.855  0.128
p.ind[2,1]    -0.033  0.706  0.209
p.ind[2,2]    -0.154 -0.838 -0.130
p.ind[2,3]     0.233  0.899  0.093
p.ind[2,4]     0.209  0.777  0.059
p.ind[3,1]    -0.055  0.791  0.215
p.ind[3,2]    -0.120 -0.945 -0.093
p.ind[3,3]     0.101  1.006 -0.174
p.ind[3,4]     0.247  0.942  0.203
p.ind[4,1]    -0.080  0.816  0.213
p.ind[4,2]    -0.097 -1.097 -0.051
p.ind[4,3]    -0.031  1.138 -0.462
p.ind[4,4]     0.402  1.140  0.361
p.ind[5,1]     0.023  0.723  0.235
p.ind[5,2]    -0.369 -0.596 -0.245
p.ind[5,3]     0.576  0.735  0.661
p.ind[5,4]     0.134  0.410 -0.265
p.ind[6,1]    -0.441  1.235  0.187
p.ind[6,2]     0.127 -1.613  0.294
p.ind[6,3]    -0.578  1.510 -1.544
p.ind[6,4]     0.544  2.027  0.826
p.ind[7,1]    -0.251  1.216  0.247
p.ind[7,2]     0.009 -1.355  0.162
p.ind[7,3]    -0.400  1.587 -1.283
p.ind[7,4]     0.526  1.781  0.780
p.ind[8,1]     0.062  0.852  0.271
p.ind[8,2]    -0.516 -0.461 -0.337
p.ind[8,3]     0.683  0.658  0.915
p.ind[8,4]     0.162  0.020 -0.351
p.ind[9,1]     0.109  0.950  0.258
p.ind[9,2]    -0.668 -0.279 -0.494
p.ind[9,3]     0.861  0.506  1.392
p.ind[9,4]     0.331 -0.630 -0.299
