
################################################################################
# Gelman-Rubin Diagnostic
################################################################################

Generally the Gelman diagnostic should be < 1.05


Out of 106 variables: 40 > 1.01

                      
0 > 1.05

                      
0 > 1.1


The worst variables are:

              Point est. Upper C.I.
ilr.global[1]   1.028773   1.085553
ilr.global[3]   1.022205   1.070311
ilr.global[2]   1.021845   1.068303
p.global[2]     1.020512   1.067705
p.ind[2,2]      1.020469   1.067653
p.ind[11,2]     1.020465   1.067485
p.ind[14,2]     1.020429   1.067558
p.ind[19,2]     1.020393   1.067470
p.ind[17,2]     1.020362   1.067110
p.ind[3,2]      1.019650   1.064764


And here are the Gelman diagnostics for all variables:

              Point est. Upper C.I.
deviance        1.000357   1.001996
ilr.cont1[1]    1.001434   1.001840
ilr.cont1[2]    1.003486   1.005051
ilr.cont1[3]    1.004877   1.006557
ilr.global[1]   1.028773   1.085553
ilr.global[2]   1.021845   1.068303
ilr.global[3]   1.022205   1.070311
loglik[1]       1.001643   1.004871
loglik[10]      1.002229   1.005748
loglik[11]      1.001214   1.001348
loglik[12]      1.001151   1.005174
loglik[13]      1.000636   1.002876
loglik[14]      1.000981   1.002132
loglik[15]      1.000641   1.000652
loglik[16]      1.000538   1.002492
loglik[17]      1.005579   1.020496
loglik[18]      1.005763   1.018452
loglik[19]      1.003831   1.014599
loglik[2]       1.001139   1.004805
loglik[3]       1.000265   1.002124
loglik[4]       1.001382   1.006137
loglik[5]       1.001044   1.002022
loglik[6]       1.002209   1.006800
loglik[7]       1.001413   1.006376
loglik[8]       1.000773   1.003757
loglik[9]       1.000147   1.001698
p.global[1]     1.015733   1.050772
p.global[2]     1.020512   1.067705
p.global[3]     1.004661   1.016960
p.global[4]     1.015010   1.052575
p.ind[1,1]      1.006707   1.022760
p.ind[1,2]      1.010738   1.036762
p.ind[1,3]      1.001116   1.004647
p.ind[1,4]      1.009319   1.034400
p.ind[10,1]     1.008706   1.028289
p.ind[10,2]     1.008511   1.028324
p.ind[10,3]     1.001260   1.005925
p.ind[10,4]     1.003436   1.013661
p.ind[11,1]     1.015970   1.051503
p.ind[11,2]     1.020465   1.067485
p.ind[11,3]     1.004675   1.017064
p.ind[11,4]     1.014447   1.050728
p.ind[12,1]     1.010721   1.034504
p.ind[12,2]     1.010246   1.034383
p.ind[12,3]     1.001689   1.007462
p.ind[12,4]     1.004266   1.016599
p.ind[13,1]     1.007584   1.024839
p.ind[13,2]     1.007649   1.025233
p.ind[13,3]     1.001057   1.005172
p.ind[13,4]     1.003046   1.012266
p.ind[14,1]     1.015315   1.049482
p.ind[14,2]     1.020429   1.067558
p.ind[14,3]     1.004575   1.016603
p.ind[14,4]     1.015651   1.054696
p.ind[15,1]     1.016170   1.052036
p.ind[15,2]     1.018518   1.061178
p.ind[15,3]     1.004060   1.015366
p.ind[15,4]     1.010433   1.037535
p.ind[16,1]     1.003927   1.013135
p.ind[16,2]     1.005889   1.020747
p.ind[16,3]     1.000110   1.001409
p.ind[16,4]     1.005032   1.019482
p.ind[17,1]     1.016121   1.051966
p.ind[17,2]     1.020362   1.067110
p.ind[17,3]     1.004657   1.017053
p.ind[17,4]     1.013944   1.049079
p.ind[18,1]     1.011332   1.037255
p.ind[18,2]     1.016932   1.056984
p.ind[18,3]     1.002970   1.010952
p.ind[18,4]     1.014940   1.052869
p.ind[19,1]     1.015223   1.049199
p.ind[19,2]     1.020393   1.067470
p.ind[19,3]     1.004550   1.016507
p.ind[19,4]     1.015753   1.055037
p.ind[2,1]      1.015443   1.049877
p.ind[2,2]      1.020469   1.067653
p.ind[2,3]      1.004607   1.016728
p.ind[2,4]      1.015489   1.054156
p.ind[3,1]      1.016339   1.052618
p.ind[3,2]      1.019650   1.064764
p.ind[3,3]      1.004438   1.016489
p.ind[3,4]      1.012157   1.043220
p.ind[4,1]      1.016334   1.052594
p.ind[4,2]      1.019458   1.064151
p.ind[4,3]      1.004374   1.016306
p.ind[4,4]      1.011813   1.042087
p.ind[5,1]      1.006247   1.021250
p.ind[5,2]      1.010015   1.034370
p.ind[5,3]      1.000945   1.004084
p.ind[5,4]      1.008660   1.032147
p.ind[6,1]      1.008507   1.027680
p.ind[6,2]      1.008354   1.027767
p.ind[6,3]      1.001222   1.005787
p.ind[6,4]      1.003365   1.013405
p.ind[7,1]      1.011562   1.037127
p.ind[7,2]      1.011073   1.037202
p.ind[7,3]      1.001902   1.008207
p.ind[7,4]      1.004691   1.018088
p.ind[8,1]      1.006855   1.023241
p.ind[8,2]      1.010966   1.037514
p.ind[8,3]      1.001171   1.004830
p.ind[8,4]      1.009528   1.035111
p.ind[9,1]      1.002865   1.008771
p.ind[9,2]      1.003554   1.012868
p.ind[9,3]      0.999756   1.000282
p.ind[9,4]      1.002989   1.012198

################################################################################
# Geweke Diagnostic
################################################################################

The Geweke diagnostic is a standard z-score, so we'd expect 5% to be outside +/-1.96
Number of variables outside +/-1.96 in each chain (out of 
106
):


       Chain 1 Chain 2 Chain 3
Geweke      27       0      80


And here are the Geweke diagnostics for all variables:

              chain1 chain2 chain3
deviance       2.349  0.018  3.005
ilr.cont1[1]  -1.916 -0.283  1.724
ilr.cont1[2]   0.261 -0.096 -1.662
ilr.cont1[3]   0.067 -0.192 -2.004
ilr.global[1]  1.043  0.366  2.791
ilr.global[2] -1.114  0.785  0.831
ilr.global[3] -1.183  0.758  0.635
loglik[1]      0.602 -0.722  0.777
loglik[10]     0.453 -1.276 -2.783
loglik[11]    -0.118  0.230 -1.198
loglik[12]    -0.305 -0.098 -2.746
loglik[13]    -0.045 -0.559 -2.935
loglik[14]    -0.422  0.616 -1.452
loglik[15]     0.256 -0.335 -1.616
loglik[16]    -1.544 -1.356  0.504
loglik[17]    -1.453  0.002 -2.267
loglik[18]    -1.206  0.578 -2.539
loglik[19]    -0.931  0.068 -2.305
loglik[2]     -1.012 -0.329 -1.723
loglik[3]     -0.181 -0.276  1.269
loglik[4]     -1.580 -0.077 -1.347
loglik[5]     -1.013 -0.759 -0.116
loglik[6]      1.053 -1.224 -0.445
loglik[7]     -0.506  0.085 -1.921
loglik[8]     -0.878  0.277  0.473
loglik[9]     -0.884 -0.847  0.180
p.global[1]    0.971 -0.126  3.541
p.global[2]   -1.754  0.066 -4.194
p.global[3]    1.589  0.232  2.154
p.global[4]    2.394 -0.319  3.284
p.ind[1,1]     1.539  0.129  2.511
p.ind[1,2]    -2.052 -0.073 -2.651
p.ind[1,3]     1.749  0.361  1.909
p.ind[1,4]     2.323 -0.545  2.444
p.ind[10,1]    1.206 -0.026  5.107
p.ind[10,2]   -1.676  0.576 -4.074
p.ind[10,3]    1.859 -0.423  2.434
p.ind[10,4]    1.936 -0.730  2.656
p.ind[11,1]    0.968 -0.137  3.599
p.ind[11,2]   -1.755  0.089 -4.192
p.ind[11,3]    1.594  0.269  2.353
p.ind[11,4]    2.410 -0.327  3.270
p.ind[12,1]    1.065 -0.075  5.066
p.ind[12,2]   -1.643  0.521 -3.929
p.ind[12,3]    2.032 -0.303  2.570
p.ind[12,4]    2.042 -0.689  2.802
p.ind[13,1]    1.189 -0.001  5.410
p.ind[13,2]   -1.658  0.667 -4.027
p.ind[13,3]    1.660 -0.460  2.354
p.ind[13,4]    1.858 -0.750  2.579
p.ind[14,1]    0.979 -0.103  3.640
p.ind[14,2]   -1.954  0.038 -3.962
p.ind[14,3]    1.586  0.262  2.116
p.ind[14,4]    2.372 -0.313  3.296
p.ind[15,1]    0.981 -0.186  3.735
p.ind[15,2]   -1.817  0.236 -3.779
p.ind[15,3]    1.705  0.052  2.073
p.ind[15,4]    2.508 -0.464  3.409
p.ind[16,1]    2.298  0.176  2.064
p.ind[16,2]   -2.326 -0.062 -1.771
p.ind[16,3]    1.700  0.377  0.796
p.ind[16,4]    2.194 -0.621  0.999
p.ind[17,1]    0.968 -0.145  3.647
p.ind[17,2]   -1.759  0.109 -4.195
p.ind[17,3]    1.601  0.244  3.128
p.ind[17,4]    2.424 -0.336  3.255
p.ind[18,1]    1.109  0.023  3.107
p.ind[18,2]   -1.849 -0.061 -3.890
p.ind[18,3]    1.775  0.369  2.850
p.ind[18,4]    2.329 -0.388  3.347
p.ind[19,1]    0.981 -0.099  3.617
p.ind[19,2]   -1.944  0.032 -3.961
p.ind[19,3]    1.587  0.268  2.108
p.ind[19,4]    2.367 -0.312  3.297
p.ind[2,1]     0.976 -0.107  3.674
p.ind[2,2]    -1.969  0.045 -3.965
p.ind[2,3]     1.586  0.254  2.127
p.ind[2,4]     2.378 -0.314  3.293
p.ind[3,1]     0.970 -0.174  3.891
p.ind[3,2]    -1.762  0.176 -4.431
p.ind[3,3]     1.639  0.149  2.785
p.ind[3,4]     2.469 -0.372  3.191
p.ind[4,1]     0.972 -0.177  3.931
p.ind[4,2]    -1.770  0.183 -4.431
p.ind[4,3]     1.649  0.130  2.777
p.ind[4,4]     2.477 -0.380  3.177
p.ind[5,1]     1.589  0.138  2.451
p.ind[5,2]    -2.087 -0.078 -2.498
p.ind[5,3]     1.745  0.362  1.734
p.ind[5,4]     2.311 -0.558  2.393
p.ind[6,1]     1.203 -0.022  5.104
p.ind[6,2]    -1.675  0.581 -4.067
p.ind[6,3]     1.825 -0.429  2.421
p.ind[6,4]     1.923 -0.734  2.642
p.ind[7,1]     1.059 -0.098  5.012
p.ind[7,2]    -1.622  0.495 -3.913
p.ind[7,3]     2.169 -0.272  2.500
p.ind[7,4]     2.074 -0.668  3.015
p.ind[8,1]     1.525  0.126  2.529
p.ind[8,2]    -2.042 -0.073 -2.697
p.ind[8,3]     1.750  0.361  1.965
p.ind[8,4]     2.326 -0.541  2.506
p.ind[9,1]     2.568  0.078  1.667
p.ind[9,2]    -2.501 -0.048 -0.783
p.ind[9,3]     1.658  0.405  0.251
p.ind[9,4]     1.440 -0.633  0.061
