
################################################################################
# Gelman-Rubin Diagnostic
################################################################################

Generally the Gelman diagnostic should be < 1.05


Out of 106 variables: 39 > 1.01

                      
0 > 1.05

                      
0 > 1.1


The worst variables are:

              Point est. Upper C.I.
ilr.global[1]   1.049438   1.158139
p.ind[2,1]      1.027605   1.080721
p.ind[19,1]     1.027424   1.080491
p.global[1]     1.026175   1.077411
p.ind[11,1]     1.025994   1.076960
p.global[2]     1.024277   1.078427
p.ind[11,2]     1.024257   1.078347
p.ind[19,2]     1.024215   1.078480
p.ind[17,2]     1.022882   1.074078
p.ind[2,2]      1.021821   1.072286


And here are the Gelman diagnostics for all variables:

              Point est. Upper C.I.
deviance       1.0011022   1.002471
ilr.cont1[1]   1.0081997   1.024855
ilr.cont1[2]   1.0061587   1.008820
ilr.cont1[3]   1.0079038   1.010475
ilr.global[1]  1.0494375   1.158139
ilr.global[2]  1.0208751   1.054127
ilr.global[3]  1.0206497   1.053139
loglik[1]      1.0014864   1.002987
loglik[10]     0.9998533   1.000734
loglik[11]     1.0038543   1.012558
loglik[12]     1.0011851   1.004643
loglik[13]     1.0009106   1.003796
loglik[14]     1.0013402   1.006013
loglik[15]     1.0021265   1.008856
loglik[16]     1.0037046   1.012000
loglik[17]     1.0052694   1.015036
loglik[18]     1.0014096   1.005933
loglik[19]     1.0102912   1.029784
loglik[2]      1.0056293   1.017941
loglik[3]      1.0003965   1.001740
loglik[4]      1.0003892   1.002318
loglik[5]      1.0030712   1.011271
loglik[6]      1.0005275   1.002752
loglik[7]      1.0002315   1.001526
loglik[8]      1.0000009   1.001141
loglik[9]      1.0014625   1.006043
p.global[1]    1.0261753   1.077411
p.global[2]    1.0242766   1.078427
p.global[3]    1.0107036   1.035742
p.global[4]    1.0088196   1.030799
p.ind[1,1]     1.0126465   1.042263
p.ind[1,2]     1.0128806   1.044913
p.ind[1,3]     1.0028488   1.011358
p.ind[1,4]     1.0077280   1.027716
p.ind[10,1]    1.0069457   1.024697
p.ind[10,2]    1.0107272   1.037375
p.ind[10,3]    1.0051568   1.019119
p.ind[10,4]    1.0021938   1.009211
p.ind[11,1]    1.0259942   1.076960
p.ind[11,2]    1.0242575   1.078347
p.ind[11,3]    1.0107642   1.035894
p.ind[11,4]    1.0087237   1.030503
p.ind[12,1]    1.0028164   1.011336
p.ind[12,2]    1.0059477   1.020908
p.ind[12,3]    1.0025536   1.010474
p.ind[12,4]    1.0010267   1.004939
p.ind[13,1]    1.0023152   1.009587
p.ind[13,2]    1.0053416   1.018606
p.ind[13,3]    1.0022230   1.009285
p.ind[13,4]    1.0008817   1.004380
p.ind[14,1]    1.0133470   1.043519
p.ind[14,2]    1.0170112   1.056894
p.ind[14,3]    1.0085543   1.029297
p.ind[14,4]    1.0040120   1.015497
p.ind[15,1]    1.0195069   1.060308
p.ind[15,2]    1.0216148   1.070372
p.ind[15,3]    1.0107286   1.035433
p.ind[15,4]    1.0059973   1.021986
p.ind[16,1]    1.0111558   1.038239
p.ind[16,2]    1.0122096   1.042587
p.ind[16,3]    1.0026400   1.010587
p.ind[16,4]    1.0074183   1.026620
p.ind[17,1]    1.0218140   1.066339
p.ind[17,2]    1.0228820   1.074078
p.ind[17,3]    1.0111006   1.036540
p.ind[17,4]    1.0068581   1.024711
p.ind[18,1]    1.0100194   1.035110
p.ind[18,2]    1.0116999   1.040784
p.ind[18,3]    1.0024886   1.010019
p.ind[18,4]    1.0071849   1.025767
p.ind[19,1]    1.0274238   1.080491
p.ind[19,2]    1.0242152   1.078480
p.ind[19,3]    1.0100644   1.034073
p.ind[19,4]    1.0095599   1.033076
p.ind[2,1]     1.0276054   1.080721
p.ind[2,2]     1.0218210   1.072286
p.ind[2,3]     1.0072215   1.025888
p.ind[2,4]     1.0107268   1.036800
p.ind[3,1]     1.0057198   1.020870
p.ind[3,2]     1.0093644   1.032874
p.ind[3,3]     1.0044157   1.016744
p.ind[3,4]     1.0018515   1.007983
p.ind[4,1]     1.0129642   1.042438
p.ind[4,2]     1.0166752   1.055892
p.ind[4,3]     1.0083769   1.028790
p.ind[4,4]     1.0038989   1.015117
p.ind[5,1]     1.0145709   1.047363
p.ind[5,2]     1.0137632   1.047897
p.ind[5,3]     1.0031404   1.012415
p.ind[5,4]     1.0081359   1.029107
p.ind[6,1]     1.0063266   1.022776
p.ind[6,2]     1.0100454   1.035138
p.ind[6,3]     1.0047860   1.017938
p.ind[6,4]     1.0020212   1.008594
p.ind[7,1]     1.0004227   1.001101
p.ind[7,2]     1.0031786   1.006492
p.ind[7,3]     1.0011173   1.003434
p.ind[7,4]     1.0003082   1.001514
p.ind[8,1]     1.0104245   1.036233
p.ind[8,2]     1.0118818   1.041431
p.ind[8,3]     1.0025419   1.010220
p.ind[8,4]     1.0072679   1.026073
p.ind[9,1]     1.0082168   1.029973
p.ind[9,2]     1.0108792   1.037804
p.ind[9,3]     1.0022577   1.009135
p.ind[9,4]     1.0068154   1.024360

################################################################################
# Geweke Diagnostic
################################################################################

The Geweke diagnostic is a standard z-score, so we'd expect 5% to be outside +/-1.96
Number of variables outside +/-1.96 in each chain (out of 
106
):


       Chain 1 Chain 2 Chain 3
Geweke      50      51       0


And here are the Geweke diagnostics for all variables:

              chain1 chain2 chain3
deviance      -2.447 -0.573 -0.875
ilr.cont1[1]  -2.415  1.794 -0.732
ilr.cont1[2]  -1.797  1.766 -1.088
ilr.cont1[3]  -2.418  1.835 -1.021
ilr.global[1] -1.510 -1.985  0.476
ilr.global[2]  0.665 -0.625  0.634
ilr.global[3]  0.947 -0.711  0.701
loglik[1]     -1.065 -0.313  1.306
loglik[10]     2.940  1.786 -0.670
loglik[11]     0.230  0.818  0.664
loglik[12]     0.778  1.363 -0.846
loglik[13]     1.359  1.394 -0.951
loglik[14]    -0.159  1.201 -0.491
loglik[15]    -0.740  1.127 -0.022
loglik[16]     1.616  1.302 -0.950
loglik[17]     2.520  0.883  0.089
loglik[18]     1.355  1.133 -0.855
loglik[19]     1.860  1.252  0.348
loglik[2]      1.151  0.956  0.343
loglik[3]      1.603 -0.192  0.089
loglik[4]      3.719  0.428  0.204
loglik[5]      1.392  0.960 -0.014
loglik[6]      0.046 -0.350 -0.618
loglik[7]     -0.031  0.276 -1.021
loglik[8]      0.148  0.722 -0.833
loglik[9]      1.392  1.186 -0.897
p.global[1]   -1.894 -2.393  0.071
p.global[2]    2.194  3.008 -0.217
p.global[3]   -2.007 -1.944  0.105
p.global[4]   -3.156 -3.099  0.350
p.ind[1,1]    -1.270 -2.729 -0.232
p.ind[1,2]     1.531  3.616 -0.465
p.ind[1,3]    -1.334 -1.840  0.020
p.ind[1,4]    -1.694 -3.226  1.097
p.ind[10,1]   -2.797 -1.560  0.474
p.ind[10,2]    2.984  2.523 -0.396
p.ind[10,3]   -1.281 -1.769  0.487
p.ind[10,4]   -4.065 -1.813 -0.078
p.ind[11,1]   -1.895 -2.389  0.076
p.ind[11,2]    2.199  2.995 -0.218
p.ind[11,3]   -2.006 -1.946  0.109
p.ind[11,4]   -3.172 -3.081  0.338
p.ind[12,1]   -3.287 -0.773  0.500
p.ind[12,2]    2.907  2.046 -0.481
p.ind[12,3]   -0.680 -1.576  0.603
p.ind[12,4]   -3.678 -1.637 -0.092
p.ind[13,1]   -3.373 -0.604  0.495
p.ind[13,2]    2.872  1.968 -0.494
p.ind[13,3]   -0.569 -1.709  0.625
p.ind[13,4]   -3.595 -1.618 -0.088
p.ind[14,1]   -2.529 -1.721  0.303
p.ind[14,2]    2.920  2.728 -0.308
p.ind[14,3]   -1.292 -2.027  0.366
p.ind[14,4]   -4.245 -2.148  0.010
p.ind[15,1]   -2.219 -2.106  0.201
p.ind[15,2]    2.731  2.814 -0.270
p.ind[15,3]   -1.912 -1.971  0.232
p.ind[15,4]   -3.505 -2.546  0.124
p.ind[16,1]   -1.152 -2.704 -0.226
p.ind[16,2]    1.461  3.605 -0.487
p.ind[16,3]   -1.298 -1.777  0.026
p.ind[16,4]   -1.530 -3.164  1.125
p.ind[17,1]   -1.966 -2.200  0.163
p.ind[17,2]    2.684  2.823 -0.249
p.ind[17,3]   -1.936 -1.973  0.191
p.ind[17,4]   -3.421 -2.718  0.198
p.ind[18,1]   -1.051 -2.679 -0.220
p.ind[18,2]    1.401  3.592 -0.523
p.ind[18,3]   -1.268 -1.726  0.031
p.ind[18,4]   -1.400 -3.112  1.146
p.ind[19,1]   -1.901 -2.416  0.031
p.ind[19,2]    2.371  3.106 -0.216
p.ind[19,3]   -2.143 -1.918  0.073
p.ind[19,4]   -3.188 -3.241  0.421
p.ind[2,1]    -2.015 -2.548 -0.095
p.ind[2,2]     2.377  3.153 -0.254
p.ind[2,3]    -2.062 -1.784  0.004
p.ind[2,4]    -2.958 -3.522  0.645
p.ind[3,1]    -2.914 -1.484  0.487
p.ind[3,2]     2.983  2.401 -0.417
p.ind[3,3]    -1.141 -1.720  0.515
p.ind[3,4]    -3.986 -1.757 -0.087
p.ind[4,1]    -2.553 -2.112  0.310
p.ind[4,2]     2.925  2.718 -0.312
p.ind[4,3]    -1.281 -2.012  0.372
p.ind[4,4]    -4.242 -2.126  0.004
p.ind[5,1]    -1.401 -2.751 -0.235
p.ind[5,2]     1.965  3.624 -0.437
p.ind[5,3]    -1.377 -1.917  0.012
p.ind[5,4]    -1.592 -3.298  1.060
p.ind[6,1]    -2.854 -1.612  0.481
p.ind[6,2]     2.985  2.463 -0.406
p.ind[6,3]    -1.213 -1.744  0.501
p.ind[6,4]    -4.028 -1.784 -0.083
p.ind[7,1]    -4.088  0.588  0.298
p.ind[7,2]     2.378  1.548 -0.601
p.ind[7,3]     0.401 -1.698  0.855
p.ind[7,4]    -2.840 -1.554  0.022
p.ind[8,1]    -1.089 -2.688 -0.223
p.ind[8,2]     1.423  3.597 -0.518
p.ind[8,3]    -1.279 -1.745  0.029
p.ind[8,4]    -1.447 -3.131  1.139
p.ind[9,1]    -0.865 -2.628 -0.208
p.ind[9,2]     1.516  3.562 -0.550
p.ind[9,3]    -1.353 -1.639  0.040
p.ind[9,4]    -1.178 -3.020  1.179
