
################################################################################
# Gelman-Rubin Diagnostic
################################################################################

Generally the Gelman diagnostic should be < 1.05


Out of 106 variables: 19 > 1.01

                      
0 > 1.05

                      
0 > 1.1


The worst variables are:

              Point est. Upper C.I.
ilr.global[1]   1.021418   1.072752
p.ind[19,1]     1.017033   1.058081
p.ind[11,1]     1.017025   1.058223
p.global[1]     1.017021   1.058225
p.ind[17,1]     1.017002   1.057852
p.ind[2,1]      1.017002   1.057849
p.ind[3,1]      1.016914   1.058025
p.ind[14,1]     1.016841   1.057038
p.ind[18,1]     1.016753   1.056649
p.ind[4,1]      1.016487   1.056613


And here are the Gelman diagnostics for all variables:

              Point est. Upper C.I.
deviance       1.0003590   1.002542
ilr.cont1[1]   1.0032644   1.007604
ilr.cont1[2]   1.0078871   1.015314
ilr.cont1[3]   1.0063678   1.012299
ilr.global[1]  1.0214180   1.072752
ilr.global[2]  1.0138606   1.049084
ilr.global[3]  1.0140889   1.050832
loglik[1]      1.0008969   1.004478
loglik[10]     1.0008023   1.004172
loglik[11]     1.0024699   1.009814
loglik[12]     1.0007016   1.003130
loglik[13]     1.0005567   1.002606
loglik[14]     1.0012144   1.005260
loglik[15]     1.0031064   1.012316
loglik[16]     0.9999571   1.000352
loglik[17]     1.0005806   1.001539
loglik[18]     1.0019048   1.005917
loglik[19]     1.0035614   1.012267
loglik[2]      1.0040511   1.016012
loglik[3]      1.0018948   1.007807
loglik[4]      1.0005645   1.002977
loglik[5]      1.0008339   1.003266
loglik[6]      1.0028746   1.005444
loglik[7]      1.0004829   1.001940
loglik[8]      1.0002494   1.001797
loglik[9]      1.0010323   1.001528
p.global[1]    1.0170212   1.058225
p.global[2]    1.0077455   1.028863
p.global[3]    1.0040705   1.015937
p.global[4]    1.0009505   1.004758
p.ind[1,1]     1.0103740   1.034952
p.ind[1,2]     1.0054512   1.020069
p.ind[1,3]     1.0018565   1.007662
p.ind[1,4]     1.0013076   1.005074
p.ind[10,1]    1.0107420   1.034835
p.ind[10,2]    1.0024978   1.009745
p.ind[10,3]    1.0003675   1.002072
p.ind[10,4]    1.0006815   1.002766
p.ind[11,1]    1.0170247   1.058223
p.ind[11,2]    1.0077595   1.028901
p.ind[11,3]    1.0040764   1.015963
p.ind[11,4]    1.0009551   1.004774
p.ind[12,1]    1.0136559   1.045266
p.ind[12,2]    1.0038534   1.015040
p.ind[12,3]    1.0010992   1.004802
p.ind[12,4]    1.0006564   1.002948
p.ind[13,1]    1.0098257   1.031838
p.ind[13,2]    1.0022302   1.008625
p.ind[13,3]    1.0002467   1.001607
p.ind[13,4]    1.0007048   1.002768
p.ind[14,1]    1.0168415   1.057038
p.ind[14,2]    1.0079498   1.029143
p.ind[14,3]    1.0039608   1.015675
p.ind[14,4]    1.0011179   1.005205
p.ind[15,1]    1.0158395   1.054075
p.ind[15,2]    1.0058461   1.022475
p.ind[15,3]    1.0025409   1.010155
p.ind[15,4]    1.0007368   1.003595
p.ind[16,1]    1.0072269   1.024355
p.ind[16,2]    1.0044858   1.016793
p.ind[16,3]    1.0013647   1.005735
p.ind[16,4]    1.0012784   1.004835
p.ind[17,1]    1.0170023   1.057852
p.ind[17,2]    1.0079345   1.029280
p.ind[17,3]    1.0040848   1.016075
p.ind[17,4]    1.0010446   1.005038
p.ind[18,1]    1.0167529   1.056649
p.ind[18,2]    1.0079288   1.029009
p.ind[18,3]    1.0038963   1.015452
p.ind[18,4]    1.0011411   1.005249
p.ind[19,1]    1.0170325   1.058081
p.ind[19,2]    1.0078844   1.029201
p.ind[19,3]    1.0041044   1.016115
p.ind[19,4]    1.0010077   1.004939
p.ind[2,1]     1.0170019   1.057849
p.ind[2,2]     1.0079348   1.029280
p.ind[2,3]     1.0040846   1.016074
p.ind[2,4]     1.0010449   1.005039
p.ind[3,1]     1.0169137   1.058025
p.ind[3,2]     1.0074744   1.028074
p.ind[3,3]     1.0039084   1.015282
p.ind[3,4]     1.0008870   1.004509
p.ind[4,1]     1.0164872   1.056613
p.ind[4,2]     1.0067380   1.025650
p.ind[4,3]     1.0033076   1.013006
p.ind[4,4]     1.0007983   1.004028
p.ind[5,1]     1.0126931   1.042577
p.ind[5,2]     1.0062635   1.022834
p.ind[5,3]     1.0023370   1.009545
p.ind[5,4]     1.0012955   1.005214
p.ind[6,1]     1.0099483   1.032233
p.ind[6,2]     1.0022630   1.008765
p.ind[6,3]     1.0002610   1.001663
p.ind[6,4]     1.0007014   1.002767
p.ind[7,1]     1.0133069   1.043929
p.ind[7,2]     1.0036341   1.014205
p.ind[7,3]     1.0009679   1.004314
p.ind[7,4]     1.0006538   1.002902
p.ind[8,1]     1.0109965   1.037009
p.ind[8,2]     1.0056594   1.020775
p.ind[8,3]     1.0019727   1.008118
p.ind[8,4]     1.0013055   1.005112
p.ind[9,1]     1.0047004   1.015205
p.ind[9,2]     1.0037155   1.014138
p.ind[9,3]     1.0010193   1.004359
p.ind[9,4]     1.0011233   1.004414

################################################################################
# Geweke Diagnostic
################################################################################

The Geweke diagnostic is a standard z-score, so we'd expect 5% to be outside +/-1.96
Number of variables outside +/-1.96 in each chain (out of 
106
):


       Chain 1 Chain 2 Chain 3
Geweke      52      48       2


And here are the Geweke diagnostics for all variables:

              chain1 chain2 chain3
deviance      -1.431  1.473  0.950
ilr.cont1[1]  -1.526  1.197  0.163
ilr.cont1[2]  -1.633 -0.694 -0.878
ilr.cont1[3]  -1.243 -0.997 -1.612
ilr.global[1] -2.317  1.771  0.049
ilr.global[2] -1.824  0.536  0.773
ilr.global[3] -1.483  0.251  0.593
loglik[1]     -0.081  0.645 -1.382
loglik[10]    -0.093 -2.863 -0.214
loglik[11]    -2.494 -1.286  0.833
loglik[12]    -1.129 -1.554  0.967
loglik[13]    -1.062 -1.711  0.636
loglik[14]    -1.492 -2.050  0.820
loglik[15]    -3.276 -0.254  0.972
loglik[16]     0.271  0.056  2.383
loglik[17]     1.567 -1.735 -0.200
loglik[18]    -0.493 -2.827  0.603
loglik[19]    -1.092 -1.909  0.354
loglik[2]     -1.789 -1.204  0.291
loglik[3]      3.390  0.356 -1.132
loglik[4]      4.927 -1.315 -1.113
loglik[5]     -0.290 -1.193  1.306
loglik[6]     -0.132 -1.006 -0.728
loglik[7]     -1.002 -0.769  1.045
loglik[8]      1.016 -0.099  1.920
loglik[9]      0.239  0.414  2.465
p.global[1]   -2.714  2.398 -0.159
p.global[2]    3.113 -2.263  0.267
p.global[3]   -0.728  2.127 -0.412
p.global[4]   -4.603  1.478 -0.147
p.ind[1,1]    -1.787  2.224 -0.070
p.ind[1,2]     2.524 -1.739  0.595
p.ind[1,3]    -0.940  1.977 -0.188
p.ind[1,4]    -2.530  1.996 -1.337
p.ind[10,1]   -2.562  2.759  0.203
p.ind[10,2]    3.249 -1.326  0.221
p.ind[10,3]    0.516  1.252 -1.333
p.ind[10,4]   -4.546  1.157  0.464
p.ind[11,1]   -2.714  2.395 -0.160
p.ind[11,2]    3.112 -2.264  0.268
p.ind[11,3]   -0.733  2.129 -0.409
p.ind[11,4]   -4.599  1.483 -0.153
p.ind[12,1]   -1.762  2.480  0.098
p.ind[12,2]    3.534 -1.756  0.221
p.ind[12,3]    0.178  1.667 -0.982
p.ind[12,4]   -4.790  1.193  0.370
p.ind[13,1]   -2.555  2.832  0.229
p.ind[13,2]    3.167 -1.302  0.217
p.ind[13,3]    0.594  1.157 -1.377
p.ind[13,4]   -4.552  1.143  0.485
p.ind[14,1]   -1.844  2.108 -0.155
p.ind[14,2]    3.100 -2.359  0.296
p.ind[14,3]   -0.865  2.041 -0.306
p.ind[14,4]   -4.551  1.444 -0.338
p.ind[15,1]   -1.712  2.398 -0.052
p.ind[15,2]    3.397 -2.276  0.211
p.ind[15,3]   -0.258  1.912 -0.670
p.ind[15,4]   -4.662  1.264  0.183
p.ind[16,1]   -1.568  2.203 -0.044
p.ind[16,2]    2.458 -2.307  0.706
p.ind[16,3]   -0.928  1.441 -0.179
p.ind[16,4]   -1.890  1.454 -1.473
p.ind[17,1]   -1.882  2.364 -0.158
p.ind[17,2]    3.105 -2.302  0.279
p.ind[17,3]   -0.814  2.044 -0.348
p.ind[17,4]   -4.499  1.588 -0.247
p.ind[18,1]   -1.834  2.106 -0.153
p.ind[18,2]    3.097 -2.383  0.303
p.ind[18,3]   -0.880  2.037 -0.294
p.ind[18,4]   -4.502  1.450 -0.372
p.ind[19,1]   -1.904  2.370 -0.161
p.ind[19,2]    3.108 -2.283  0.274
p.ind[19,3]   -0.784  2.153 -0.371
p.ind[19,4]   -4.545  1.544 -0.221
p.ind[2,1]    -1.882  2.364 -0.158
p.ind[2,2]     3.105 -2.303  0.279
p.ind[2,3]    -0.814  2.044 -0.348
p.ind[2,4]    -4.499  1.401 -0.247
p.ind[3,1]    -2.891  2.175 -0.151
p.ind[3,2]     3.125 -2.261  0.265
p.ind[3,3]    -0.646  2.084 -0.472
p.ind[3,4]    -4.653  1.409 -0.062
p.ind[4,1]    -2.951  2.264 -0.113
p.ind[4,2]     3.324 -2.310  0.212
p.ind[4,3]    -0.464  2.094 -0.476
p.ind[4,4]    -4.685  1.317  0.076
p.ind[5,1]    -2.138  2.197 -0.094
p.ind[5,2]     2.638 -1.866  0.512
p.ind[5,3]    -0.945  2.111 -0.171
p.ind[5,4]    -3.090  1.414 -1.140
p.ind[6,1]    -2.556  2.823  0.226
p.ind[6,2]     3.178 -1.305  0.218
p.ind[6,3]     0.584  1.169 -1.372
p.ind[6,4]    -4.562  1.145  0.482
p.ind[7,1]    -2.549  2.522  0.115
p.ind[7,2]     3.498 -1.749  0.222
p.ind[7,3]     0.228  1.601 -1.137
p.ind[7,4]    -4.758  1.186  0.384
p.ind[8,1]    -1.766  2.217 -0.077
p.ind[8,2]     2.557 -1.910  0.573
p.ind[8,3]    -0.945  2.076 -0.192
p.ind[8,4]    -2.672  2.075 -1.300
p.ind[9,1]    -1.150  2.004 -0.034
p.ind[9,2]     2.246 -1.572  0.869
p.ind[9,3]    -0.969  0.882 -0.177
p.ind[9,4]    -1.509  1.101 -1.532
