
################################################################################
# Gelman-Rubin Diagnostic
################################################################################

Generally the Gelman diagnostic should be < 1.05


Out of 106 variables: 13 > 1.01

                      
0 > 1.05

                      
0 > 1.1


The worst variables are:

              Point est. Upper C.I.
ilr.global[2]   1.025821   1.063011
ilr.global[3]   1.022534   1.058883
ilr.global[1]   1.020131   1.047294
p.global[1]     1.015176   1.050786
p.ind[2,1]      1.015158   1.050764
p.ind[14,1]     1.015135   1.050699
p.ind[11,1]     1.015135   1.050602
p.ind[19,1]     1.015114   1.050636
p.ind[17,1]     1.015058   1.050303
p.ind[3,1]      1.014553   1.048475


And here are the Gelman diagnostics for all variables:

              Point est. Upper C.I.
deviance       1.0016873   1.005952
ilr.cont1[1]   1.0034941   1.005149
ilr.cont1[2]   1.0060548   1.009526
ilr.cont1[3]   1.0048019   1.008960
ilr.global[1]  1.0201310   1.047294
ilr.global[2]  1.0258214   1.063011
ilr.global[3]  1.0225341   1.058883
loglik[1]      0.9999204   1.001016
loglik[10]     0.9997011   1.000034
loglik[11]     1.0025452   1.003590
loglik[12]     1.0002780   1.002068
loglik[13]     1.0005960   1.002536
loglik[14]     1.0026121   1.003090
loglik[15]     1.0007639   1.002769
loglik[16]     1.0020214   1.004177
loglik[17]     1.0027070   1.010443
loglik[18]     1.0018803   1.004976
loglik[19]     1.0014375   1.003067
loglik[2]      1.0000765   1.000323
loglik[3]      1.0001846   1.001024
loglik[4]      1.0022008   1.009136
loglik[5]      1.0005428   1.002138
loglik[6]      1.0004655   1.001611
loglik[7]      1.0005218   1.003114
loglik[8]      1.0012135   1.003988
loglik[9]      1.0014593   1.004053
p.global[1]    1.0151762   1.050786
p.global[2]    1.0061796   1.022224
p.global[3]    1.0008313   1.003117
p.global[4]    1.0036784   1.014567
p.ind[1,1]     1.0075261   1.025523
p.ind[1,2]     1.0028856   1.011367
p.ind[1,3]     1.0006578   1.002563
p.ind[1,4]     1.0018742   1.007883
p.ind[10,1]    1.0059329   1.019580
p.ind[10,2]    1.0024048   1.009738
p.ind[10,3]    0.9998518   1.000573
p.ind[10,4]    1.0014518   1.006480
p.ind[11,1]    1.0151347   1.050602
p.ind[11,2]    1.0061690   1.022174
p.ind[11,3]    1.0008039   1.003028
p.ind[11,4]    1.0035634   1.014184
p.ind[12,1]    1.0073383   1.024336
p.ind[12,2]    1.0029522   1.011612
p.ind[12,3]    0.9999230   1.000794
p.ind[12,4]    1.0015911   1.007054
p.ind[13,1]    1.0052615   1.017201
p.ind[13,2]    1.0021295   1.008784
p.ind[13,3]    0.9998224   1.000468
p.ind[13,4]    1.0013906   1.006212
p.ind[14,1]    1.0151352   1.050699
p.ind[14,2]    1.0061441   1.022135
p.ind[14,3]    1.0008588   1.003215
p.ind[14,4]    1.0038064   1.014983
p.ind[15,1]    1.0137522   1.045682
p.ind[15,2]    1.0055517   1.020152
p.ind[15,3]    1.0005289   1.002290
p.ind[15,4]    1.0027497   1.011363
p.ind[16,1]    1.0038452   1.012903
p.ind[16,2]    1.0014413   1.006222
p.ind[16,3]    1.0004401   1.001867
p.ind[16,4]    1.0008310   1.004141
p.ind[17,1]    1.0150576   1.050303
p.ind[17,2]    1.0061383   1.022065
p.ind[17,3]    1.0007770   1.002946
p.ind[17,4]    1.0034600   1.013835
p.ind[18,1]    1.0127057   1.042511
p.ind[18,2]    1.0049193   1.018261
p.ind[18,3]    1.0008457   1.003221
p.ind[18,4]    1.0034240   1.013448
p.ind[19,1]    1.0151142   1.050636
p.ind[19,2]    1.0061306   1.022096
p.ind[19,3]    1.0008628   1.003231
p.ind[19,4]    1.0038260   1.015044
p.ind[2,1]     1.0151584   1.050764
p.ind[2,2]     1.0061600   1.022178
p.ind[2,3]     1.0008522   1.003191
p.ind[2,4]     1.0037746   1.014881
p.ind[3,1]     1.0145528   1.048475
p.ind[3,2]     1.0059132   1.021320
p.ind[3,3]     1.0006635   1.002631
p.ind[3,4]     1.0030950   1.012579
p.ind[4,1]     1.0144178   1.047998
p.ind[4,2]     1.0058519   1.021121
p.ind[4,3]     1.0006385   1.002566
p.ind[4,4]     1.0030254   1.012336
p.ind[5,1]     1.0068915   1.023493
p.ind[5,2]     1.0026598   1.010579
p.ind[5,3]     1.0006278   1.002467
p.ind[5,4]     1.0017081   1.007286
p.ind[6,1]     1.0058090   1.019148
p.ind[6,2]     1.0023550   1.009566
p.ind[6,3]     0.9998462   1.000553
p.ind[6,4]     1.0014403   1.006430
p.ind[7,1]     1.0080167   1.026582
p.ind[7,2]     1.0032117   1.012490
p.ind[7,3]     0.9999632   1.000906
p.ind[7,4]     1.0016653   1.007349
p.ind[8,1]     1.0077266   1.026164
p.ind[8,2]     1.0029572   1.011616
p.ind[8,3]     1.0006669   1.002593
p.ind[8,4]     1.0019274   1.008074
p.ind[9,1]     1.0037819   1.009163
p.ind[9,2]     1.0008377   1.003868
p.ind[9,3]     1.0003494   1.001497
p.ind[9,4]     1.0003474   1.002415

################################################################################
# Geweke Diagnostic
################################################################################

The Geweke diagnostic is a standard z-score, so we'd expect 5% to be outside +/-1.96
Number of variables outside +/-1.96 in each chain (out of 
106
):


       Chain 1 Chain 2 Chain 3
Geweke      19       6       3


And here are the Geweke diagnostics for all variables:

              chain1 chain2 chain3
deviance      -0.985  0.062 -0.205
ilr.cont1[1]   1.773 -0.661 -0.129
ilr.cont1[2]   0.604 -0.835 -1.808
ilr.cont1[3]   0.578 -1.046 -1.436
ilr.global[1]  1.892  0.395 -0.292
ilr.global[2]  2.000 -0.233 -1.036
ilr.global[3]  1.894 -1.057 -1.046
loglik[1]      0.206  0.608 -0.789
loglik[10]    -1.264  0.561 -0.635
loglik[11]    -1.207  2.886 -1.004
loglik[12]    -0.202  0.289 -2.229
loglik[13]    -0.415  0.165 -1.749
loglik[14]    -1.467  2.929 -0.963
loglik[15]    -1.009  2.761 -1.452
loglik[16]    -0.172 -0.600  0.331
loglik[17]    -0.026 -1.662 -1.450
loglik[18]    -0.964  0.392 -1.043
loglik[19]    -0.674  1.265 -1.790
loglik[2]     -0.471  1.823 -2.189
loglik[3]     -0.048 -2.250  1.162
loglik[4]     -0.084 -2.453 -0.487
loglik[5]     -0.405 -0.211 -0.410
loglik[6]     -0.890  0.725  1.134
loglik[7]      0.383 -0.342 -1.993
loglik[8]     -0.346 -1.272  0.259
loglik[9]      0.475 -1.760 -1.311
p.global[1]    2.122  0.191 -0.029
p.global[2]   -1.738 -0.539 -0.643
p.global[3]    1.070 -0.922  1.187
p.global[4]    1.182  1.868  0.435
p.ind[1,1]     1.787  0.806 -0.295
p.ind[1,2]    -1.752 -0.320  0.174
p.ind[1,3]     0.918 -1.004  0.043
p.ind[1,4]     1.133  1.312 -0.166
p.ind[10,1]    2.863 -0.571  0.043
p.ind[10,2]   -2.165 -0.433 -0.505
p.ind[10,3]    0.987 -0.735  1.336
p.ind[10,4]    0.811  1.837  0.417
p.ind[11,1]    2.129  0.143 -0.011
p.ind[11,2]   -1.752 -0.553 -0.651
p.ind[11,3]    1.090 -0.925  1.211
p.ind[11,4]    1.153  1.902  0.431
p.ind[12,1]    1.908 -0.448  0.066
p.ind[12,2]   -2.135 -0.522 -0.688
p.ind[12,3]    1.082 -0.765  1.388
p.ind[12,4]    0.847  1.874  0.404
p.ind[13,1]    2.835 -0.637  0.027
p.ind[13,2]   -2.174 -0.377 -0.513
p.ind[13,3]    0.952 -0.722  1.313
p.ind[13,4]    0.798  1.801  0.481
p.ind[14,1]    2.121  0.232 -0.055
p.ind[14,2]   -1.709 -0.521 -0.631
p.ind[14,3]    1.061 -0.916  1.148
p.ind[14,4]    1.220  1.836  0.441
p.ind[15,1]    2.297 -0.021  0.066
p.ind[15,2]   -1.892 -0.543 -0.703
p.ind[15,3]    1.113 -0.897  1.287
p.ind[15,4]    0.989  1.973  0.407
p.ind[16,1]    1.177  0.950  0.000
p.ind[16,2]   -1.708 -0.124  1.129
p.ind[16,3]    0.778 -1.103 -0.896
p.ind[16,4]    0.934  0.745 -0.831
p.ind[17,1]    2.139  0.121  0.003
p.ind[17,2]   -1.766 -0.564 -0.658
p.ind[17,3]    1.095 -0.925  1.228
p.ind[17,4]    1.130  1.917  0.427
p.ind[18,1]    2.135  0.470 -0.180
p.ind[18,2]   -1.750 -0.439 -0.414
p.ind[18,3]    0.972 -0.981  0.771
p.ind[18,4]    1.410  1.582  0.439
p.ind[19,1]    2.121  0.240 -0.060
p.ind[19,2]   -1.707 -0.518 -0.628
p.ind[19,3]    1.059 -0.915  1.140
p.ind[19,4]    1.245  1.829  0.442
p.ind[2,1]     2.120  0.220 -0.047
p.ind[2,2]    -1.712 -0.526 -0.634
p.ind[2,3]     1.064 -0.918  1.160
p.ind[2,4]     1.209  1.845  0.439
p.ind[3,1]     2.200  0.049  0.038
p.ind[3,2]    -1.825 -0.589 -0.680
p.ind[3,3]     1.107 -0.917  1.267
p.ind[3,4]     1.055  1.954  0.416
p.ind[4,1]     2.216  0.035  0.044
p.ind[4,2]    -1.838 -0.595 -0.685
p.ind[4,3]     1.108 -0.914  1.272
p.ind[4,4]     1.042  1.959  0.414
p.ind[5,1]     1.724  0.751 -0.291
p.ind[5,2]    -1.737 -0.298  0.283
p.ind[5,3]     0.892 -1.012 -0.066
p.ind[5,4]     1.101  1.223 -0.252
p.ind[6,1]     2.860 -0.583  0.040
p.ind[6,2]    -2.167 -0.423 -0.506
p.ind[6,3]     0.981 -0.732  1.332
p.ind[6,4]     0.809  1.831  0.419
p.ind[7,1]     1.863 -0.396  0.073
p.ind[7,2]    -2.116 -0.555 -0.683
p.ind[7,3]     1.116 -0.781  1.414
p.ind[7,4]     0.774  1.895  0.400
p.ind[8,1]     1.806  0.792 -0.295
p.ind[8,2]    -1.756 -0.326  0.141
p.ind[8,3]     0.926 -1.002  0.074
p.ind[8,4]     1.143  1.339 -0.139
p.ind[9,1]     0.650  1.104  0.632
p.ind[9,2]    -1.434  0.032  1.605
p.ind[9,3]     0.751 -1.077 -1.802
p.ind[9,4]     0.884  0.316 -1.287
