
################################################################################
# Gelman-Rubin Diagnostic
################################################################################

Generally the Gelman diagnostic should be < 1.05


Out of 106 variables: 11 > 1.01

                      
0 > 1.05

                      
0 > 1.1


The worst variables are:

              Point est. Upper C.I.
ilr.global[1]   1.018785   1.062501
ilr.global[2]   1.017832   1.029960
p.ind[4,1]      1.011539   1.035714
ilr.global[3]   1.011410   1.020945
p.ind[15,1]     1.011284   1.036083
p.ind[3,1]      1.010952   1.033282
p.global[1]     1.010823   1.032827
p.ind[11,1]     1.010503   1.031730
p.ind[19,1]     1.010440   1.031518
p.ind[18,1]     1.010089   1.030359


And here are the Gelman diagnostics for all variables:

              Point est. Upper C.I.
deviance       1.0018373  1.0053971
ilr.cont1[1]   1.0022771  1.0067815
ilr.cont1[2]   1.0071209  1.0177572
ilr.cont1[3]   1.0064863  1.0131585
ilr.global[1]  1.0187853  1.0625014
ilr.global[2]  1.0178319  1.0299596
ilr.global[3]  1.0114098  1.0209447
loglik[1]      1.0000139  1.0008456
loglik[10]     1.0013137  1.0033698
loglik[11]     0.9999189  1.0000915
loglik[12]     1.0015612  1.0069941
loglik[13]     1.0008876  1.0042272
loglik[14]     0.9999465  1.0001094
loglik[15]     0.9999459  1.0009556
loglik[16]     1.0001297  1.0002187
loglik[17]     1.0004205  1.0023571
loglik[18]     1.0001094  1.0006176
loglik[19]     1.0003710  1.0015249
loglik[2]      0.9999415  1.0008879
loglik[3]      0.9996539  0.9997078
loglik[4]      0.9999072  1.0009221
loglik[5]      0.9997206  0.9997862
loglik[6]      1.0032829  1.0105862
loglik[7]      1.0018005  1.0078482
loglik[8]      1.0021177  1.0043443
loglik[9]      1.0013695  1.0027561
p.global[1]    1.0108232  1.0328267
p.global[2]    1.0073221  1.0277464
p.global[3]    1.0027443  1.0077288
p.global[4]    1.0028111  1.0101730
p.ind[1,1]     1.0047571  1.0134626
p.ind[1,2]     1.0026360  1.0106494
p.ind[1,3]     1.0015934  1.0060599
p.ind[1,4]     1.0004149  1.0026011
p.ind[10,1]    1.0069394  1.0249352
p.ind[10,2]    1.0079514  1.0295076
p.ind[10,3]    1.0031148  1.0114597
p.ind[10,4]    1.0013140  1.0053297
p.ind[11,1]    1.0105032  1.0317303
p.ind[11,2]    1.0070446  1.0267558
p.ind[11,3]    1.0027336  1.0075942
p.ind[11,4]    1.0028098  1.0101804
p.ind[12,1]    1.0100667  1.0335644
p.ind[12,2]    1.0087281  1.0327075
p.ind[12,3]    1.0027043  1.0099737
p.ind[12,4]    1.0018099  1.0069315
p.ind[13,1]    1.0075806  1.0268556
p.ind[13,2]    1.0081383  1.0303325
p.ind[13,3]    1.0030372  1.0112215
p.ind[13,4]    1.0013962  1.0055918
p.ind[14,1]    1.0091992  1.0275210
p.ind[14,2]    1.0060325  1.0231004
p.ind[14,3]    1.0024964  1.0070828
p.ind[14,4]    1.0025231  1.0093349
p.ind[15,1]    1.0112836  1.0360831
p.ind[15,2]    1.0087253  1.0326536
p.ind[15,3]    1.0025717  1.0089960
p.ind[15,4]    1.0021824  1.0081448
p.ind[16,1]    1.0046252  1.0130106
p.ind[16,2]    1.0025571  1.0103106
p.ind[16,3]    1.0015848  1.0060499
p.ind[16,4]    1.0003714  1.0024513
p.ind[17,1]    1.0094513  1.0283163
p.ind[17,2]    1.0062224  1.0237881
p.ind[17,3]    1.0025600  1.0071803
p.ind[17,4]    1.0026073  1.0095886
p.ind[18,1]    1.0100885  1.0303594
p.ind[18,2]    1.0067103  1.0255534
p.ind[18,3]    1.0026868  1.0074292
p.ind[18,4]    1.0027620  1.0100469
p.ind[19,1]    1.0104399  1.0315181
p.ind[19,2]    1.0069921  1.0265676
p.ind[19,3]    1.0027287  1.0075686
p.ind[19,4]    1.0028057  1.0101696
p.ind[2,1]     1.0098366  1.0295446
p.ind[2,2]     1.0065151  1.0248481
p.ind[2,3]     1.0026435  1.0073305
p.ind[2,4]     1.0027116  1.0098994
p.ind[3,1]     1.0109518  1.0332824
p.ind[3,2]     1.0074418  1.0281711
p.ind[3,3]     1.0027411  1.0077874
p.ind[3,4]     1.0028008  1.0101365
p.ind[4,1]     1.0115391  1.0357135
p.ind[4,2]     1.0081947  1.0308029
p.ind[4,3]     1.0026392  1.0082324
p.ind[4,4]     1.0025839  1.0094357
p.ind[5,1]     1.0066252  1.0194945
p.ind[5,2]     1.0040135  1.0158619
p.ind[5,3]     1.0018071  1.0062880
p.ind[5,4]     1.0012522  1.0053561
p.ind[6,1]     1.0075680  1.0268184
p.ind[6,2]     1.0081347  1.0303168
p.ind[6,3]     1.0030388  1.0112264
p.ind[6,4]     1.0013945  1.0055864
p.ind[7,1]     1.0094988  1.0321616
p.ind[7,2]     1.0086263  1.0323357
p.ind[7,3]     1.0027814  1.0103158
p.ind[7,4]     1.0016957  1.0065594
p.ind[8,1]     1.0051742  1.0148567
p.ind[8,2]     1.0029066  1.0117523
p.ind[8,3]     1.0016230  1.0060946
p.ind[8,4]     1.0005673  1.0031171
p.ind[9,1]     1.0036552  1.0095035
p.ind[9,2]     1.0021292  1.0080729
p.ind[9,3]     1.0015257  1.0059960
p.ind[9,4]     1.0001286  1.0015821

################################################################################
# Geweke Diagnostic
################################################################################

The Geweke diagnostic is a standard z-score, so we'd expect 5% to be outside +/-1.96
Number of variables outside +/-1.96 in each chain (out of 
106
):


       Chain 1 Chain 2 Chain 3
Geweke      17       1       0


And here are the Geweke diagnostics for all variables:

              chain1 chain2 chain3
deviance      -0.526 -1.198 -1.486
ilr.cont1[1]  -1.497  0.207 -1.159
ilr.cont1[2]  -1.499  0.010 -1.221
ilr.cont1[3]  -1.277  0.924 -0.591
ilr.global[1] -1.196 -0.008 -0.569
ilr.global[2]  1.029  0.520 -0.608
ilr.global[3]  1.622  0.450 -0.159
loglik[1]     -1.665  1.702  0.909
loglik[10]     1.228 -1.118  0.457
loglik[11]    -0.479  0.048  0.646
loglik[12]     0.193  0.674 -0.118
loglik[13]     0.387  0.245  0.285
loglik[14]    -0.108  0.235  1.288
loglik[15]    -0.792 -0.211 -0.316
loglik[16]     0.570  1.176  1.836
loglik[17]     1.481  0.924 -0.130
loglik[18]     0.369  0.775  0.329
loglik[19]     0.270  1.135 -0.269
loglik[2]     -0.249  1.509 -0.344
loglik[3]      0.660 -1.187  0.729
loglik[4]      2.756  0.199  0.245
loglik[5]     -0.124  1.507  1.618
loglik[6]      0.857 -1.707  0.287
loglik[7]     -0.010  1.036 -0.114
loglik[8]      0.346 -1.827  0.922
loglik[9]      0.348 -0.004  1.671
p.global[1]   -1.798 -0.226 -1.479
p.global[2]    1.706  0.746  0.426
p.global[3]   -0.059 -1.130  0.954
p.global[4]   -2.376 -0.183 -0.704
p.ind[1,1]    -0.621 -0.495 -0.654
p.ind[1,2]     1.722  0.942  0.346
p.ind[1,3]    -0.189 -1.896  0.174
p.ind[1,4]    -2.336  1.190 -0.301
p.ind[10,1]   -1.408 -0.283 -1.852
p.ind[10,2]    0.893  0.984  1.272
p.ind[10,3]    0.430 -0.314  0.531
p.ind[10,4]   -1.455 -1.019 -1.662
p.ind[11,1]   -1.692 -0.208 -1.444
p.ind[11,2]    1.749  0.751  0.412
p.ind[11,3]   -0.088 -1.187  0.931
p.ind[11,4]   -2.415 -0.088 -0.841
p.ind[12,1]   -1.497 -0.196 -1.823
p.ind[12,2]    1.199  0.776  0.827
p.ind[12,3]    0.233 -0.534  0.774
p.ind[12,4]   -1.782 -0.857 -1.586
p.ind[13,1]   -1.334 -0.262 -1.880
p.ind[13,2]    0.957  0.976  1.217
p.ind[13,3]    0.381 -0.347  0.610
p.ind[13,4]   -1.602 -0.999 -1.654
p.ind[14,1]   -1.585 -0.259 -1.327
p.ind[14,2]    1.814  0.683  0.387
p.ind[14,3]   -0.188 -1.376  0.807
p.ind[14,4]   -2.515  0.262 -0.728
p.ind[15,1]   -1.428 -0.188 -1.740
p.ind[15,2]    1.415  0.749  0.636
p.ind[15,3]    0.138 -0.711  0.976
p.ind[15,4]   -1.991 -0.631 -0.924
p.ind[16,1]   -0.549 -0.515 -0.628
p.ind[16,2]    1.691  0.948  0.343
p.ind[16,3]   -0.179 -1.907  0.149
p.ind[16,4]   -2.310  1.245 -0.281
p.ind[17,1]   -1.606 -0.248 -1.350
p.ind[17,2]    1.860  0.671  0.389
p.ind[17,3]   -0.164 -1.342  0.834
p.ind[17,4]   -2.502  0.197 -0.751
p.ind[18,1]   -1.658 -0.223 -1.405
p.ind[18,2]    1.797  0.666  0.400
p.ind[18,3]   -0.121 -1.252  0.896
p.ind[18,4]   -2.456  0.028 -0.798
p.ind[19,1]   -1.687 -0.210 -1.437
p.ind[19,2]    1.756  0.753  0.410
p.ind[19,3]   -0.093 -1.197  0.926
p.ind[19,4]   -2.422 -0.070 -0.834
p.ind[2,1]    -1.637 -0.233 -1.383
p.ind[2,2]     1.823  0.667  0.395
p.ind[2,3]    -0.139 -1.289  0.872
p.ind[2,4]    -2.476  0.096 -0.774
p.ind[3,1]    -1.800 -0.223 -1.495
p.ind[3,2]     1.688  0.744  0.434
p.ind[3,3]    -0.047 -1.104  0.962
p.ind[3,4]    -2.357 -0.202 -0.714
p.ind[4,1]    -1.695 -0.203 -1.664
p.ind[4,2]     1.557  0.732  0.496
p.ind[4,3]     0.042 -0.921  0.975
p.ind[4,4]    -2.013 -0.428 -0.795
p.ind[5,1]    -1.241 -0.323 -1.025
p.ind[5,2]     1.965  0.772  0.359
p.ind[5,3]    -0.255 -1.706  0.463
p.ind[5,4]    -2.536  0.873 -0.516
p.ind[6,1]    -1.333 -0.262 -1.879
p.ind[6,2]     0.956  0.976  1.218
p.ind[6,3]     0.382 -0.346  0.608
p.ind[6,4]    -1.601 -0.999 -1.654
p.ind[7,1]    -1.460 -0.214 -1.920
p.ind[7,2]     1.144  0.895  0.901
p.ind[7,3]     0.268 -0.480  0.746
p.ind[7,4]    -1.710 -0.896 -1.609
p.ind[8,1]    -0.831 -0.440 -0.733
p.ind[8,2]     1.806  0.924  0.355
p.ind[8,3]    -0.213 -1.858  0.251
p.ind[8,4]    -2.370  1.131 -0.353
p.ind[9,1]     0.025 -0.748 -0.434
p.ind[9,2]     1.449  0.986  0.345
p.ind[9,3]    -0.086 -1.979 -0.032
p.ind[9,4]    -2.109  1.354 -0.147
