
################################################################################
# Gelman-Rubin Diagnostic
################################################################################

Generally the Gelman diagnostic should be < 1.05


Out of 106 variables: 2 > 1.01

                      
0 > 1.05

                      
0 > 1.1


The worst variables are:

              Point est. Upper C.I.
ilr.global[3]   1.010722   1.029190
ilr.global[2]   1.010558   1.030252
ilr.cont1[3]    1.007034   1.014454
ilr.global[1]   1.005703   1.012814
p.ind[11,2]     1.005620   1.017915
p.global[2]     1.005586   1.017834
p.ind[15,2]     1.005546   1.017620
p.ind[17,2]     1.005504   1.017630
ilr.cont1[2]    1.005406   1.009981
p.ind[11,3]     1.005244   1.016767


And here are the Gelman diagnostics for all variables:

              Point est. Upper C.I.
deviance       1.0014224   1.005325
ilr.cont1[1]   1.0009369   1.001029
ilr.cont1[2]   1.0054056   1.009981
ilr.cont1[3]   1.0070337   1.014454
ilr.global[1]  1.0057034   1.012814
ilr.global[2]  1.0105584   1.030252
ilr.global[3]  1.0107215   1.029190
loglik[1]      1.0006751   1.003754
loglik[10]     1.0016013   1.004723
loglik[11]     1.0003225   1.001443
loglik[12]     1.0022987   1.009421
loglik[13]     1.0027643   1.010782
loglik[14]     1.0004902   1.000814
loglik[15]     1.0000275   1.000072
loglik[16]     1.0003001   1.000824
loglik[17]     1.0027202   1.010106
loglik[18]     1.0003819   1.000570
loglik[19]     1.0042608   1.015869
loglik[2]      1.0027182   1.010351
loglik[3]      1.0000899   1.001549
loglik[4]      1.0030941   1.011030
loglik[5]      1.0003084   1.001813
loglik[6]      1.0013328   1.005849
loglik[7]      1.0013727   1.005561
loglik[8]      1.0009717   1.004061
loglik[9]      1.0004091   1.000464
p.global[1]    1.0014053   1.003473
p.global[2]    1.0055858   1.017834
p.global[3]    1.0052084   1.016742
p.global[4]    1.0024617   1.008646
p.ind[1,1]     1.0018669   1.006226
p.ind[1,2]     1.0006409   1.003379
p.ind[1,3]     1.0015729   1.006177
p.ind[1,4]     0.9998583   1.000562
p.ind[10,1]    1.0002026   1.001909
p.ind[10,2]    1.0029114   1.008882
p.ind[10,3]    1.0030558   1.008168
p.ind[10,4]    1.0023894   1.009236
p.ind[11,1]    1.0013418   1.003317
p.ind[11,2]    1.0056197   1.017915
p.ind[11,3]    1.0052439   1.016767
p.ind[11,4]    1.0024673   1.008784
p.ind[12,1]    1.0002030   1.001912
p.ind[12,2]    1.0029007   1.008846
p.ind[12,3]    1.0030475   1.008139
p.ind[12,4]    1.0023886   1.009229
p.ind[13,1]    1.0002513   1.002143
p.ind[13,2]    1.0020333   1.005840
p.ind[13,3]    1.0023837   1.005741
p.ind[13,4]    1.0023166   1.008471
p.ind[14,1]    1.0004075   1.001682
p.ind[14,2]    1.0048274   1.015320
p.ind[14,3]    1.0046186   1.013738
p.ind[14,4]    1.0024638   1.009859
p.ind[15,1]    1.0008998   1.002408
p.ind[15,2]    1.0055458   1.017620
p.ind[15,3]    1.0052203   1.016178
p.ind[15,4]    1.0024692   1.009453
p.ind[16,1]    1.0018425   1.006181
p.ind[16,2]    1.0007008   1.003593
p.ind[16,3]    1.0016231   1.006353
p.ind[16,4]    0.9998720   1.000597
p.ind[17,1]    1.0014987   1.003719
p.ind[17,2]    1.0055035   1.017630
p.ind[17,3]    1.0051295   1.016632
p.ind[17,4]    1.0024462   1.008404
p.ind[18,1]    1.0020044   1.006455
p.ind[18,2]    1.0003958   1.002479
p.ind[18,3]    1.0013551   1.005401
p.ind[18,4]    0.9998372   1.000522
p.ind[19,1]    1.0016831   1.004340
p.ind[19,2]    1.0051080   1.016614
p.ind[19,3]    1.0047903   1.015926
p.ind[19,4]    1.0023399   1.007603
p.ind[2,1]     1.0017491   1.004785
p.ind[2,2]     1.0045639   1.015187
p.ind[2,3]     1.0043680   1.014868
p.ind[2,4]     1.0021264   1.006682
p.ind[3,1]     1.0001956   1.001768
p.ind[3,2]     1.0033577   1.010396
p.ind[3,3]     1.0034023   1.009394
p.ind[3,4]     1.0024191   1.009505
p.ind[4,1]     1.0002046   1.001682
p.ind[4,2]     1.0036844   1.011501
p.ind[4,3]     1.0036627   1.010311
p.ind[4,4]     1.0024363   1.009658
p.ind[5,1]     1.0017916   1.006083
p.ind[5,2]     1.0008515   1.004122
p.ind[5,3]     1.0017457   1.006781
p.ind[5,4]     0.9999166   1.000715
p.ind[6,1]     1.0002093   1.001664
p.ind[6,2]     1.0037661   1.011777
p.ind[6,3]     1.0037288   1.010544
p.ind[6,4]     1.0024400   1.009690
p.ind[7,1]     1.0002182   1.001951
p.ind[7,2]     1.0014707   1.003802
p.ind[7,3]     1.0018949   1.004005
p.ind[7,4]     1.0022812   1.007701
p.ind[8,1]     1.0017649   1.006027
p.ind[8,2]     1.0009496   1.004461
p.ind[8,3]     1.0018233   1.007049
p.ind[8,4]     0.9999523   1.000811
p.ind[9,1]     1.0018005   1.006101
p.ind[9,2]     1.0008221   1.004019
p.ind[9,3]     1.0017222   1.006699
p.ind[9,4]     0.9999069   1.000689

################################################################################
# Geweke Diagnostic
################################################################################

The Geweke diagnostic is a standard z-score, so we'd expect 5% to be outside +/-1.96
Number of variables outside +/-1.96 in each chain (out of 
106
):


       Chain 1 Chain 2 Chain 3
Geweke       7       1      26


And here are the Geweke diagnostics for all variables:

              chain1 chain2 chain3
deviance       1.268 -0.987 -1.142
ilr.cont1[1]   1.864  0.509  1.820
ilr.cont1[2]  -1.201  0.799  1.072
ilr.cont1[3]  -1.158  0.729  1.293
ilr.global[1]  0.320  0.012 -1.277
ilr.global[2] -2.096 -0.211  0.127
ilr.global[3] -2.181 -0.292  0.045
loglik[1]      0.210  1.554  1.263
loglik[10]    -2.344 -0.005  1.122
loglik[11]    -0.181  0.173  1.255
loglik[12]    -1.829  1.180  0.825
loglik[13]    -1.710  1.136  1.008
loglik[14]    -0.320  0.099  0.815
loglik[15]    -0.133 -0.043  0.760
loglik[16]    -0.042 -2.005  1.623
loglik[17]    -2.344 -0.986  0.940
loglik[18]    -0.160 -1.178  1.385
loglik[19]    -1.778 -1.200  1.902
loglik[2]     -1.332 -1.314  1.834
loglik[3]      1.288 -0.380 -0.085
loglik[4]     -2.736  0.163  0.587
loglik[5]     -0.060 -0.839  2.299
loglik[6]      2.767 -0.121 -0.113
loglik[7]     -2.007  1.079  0.271
loglik[8]     -0.522 -0.340  0.191
loglik[9]     -0.155 -1.571  1.732
p.global[1]    0.410 -0.119 -2.353
p.global[2]   -0.994 -0.428  2.258
p.global[3]    1.694  0.456 -1.594
p.global[4]    0.749  0.738 -1.522
p.ind[1,1]     0.161 -0.218 -2.854
p.ind[1,2]     0.099 -0.672  2.719
p.ind[1,3]    -0.309  1.078 -1.659
p.ind[1,4]    -0.045  1.949 -1.049
p.ind[10,1]    0.737  0.106 -1.695
p.ind[10,2]   -0.846  0.020  1.493
p.ind[10,3]    1.648 -0.578 -0.831
p.ind[10,4]    0.825  0.425 -1.152
p.ind[11,1]    0.412 -0.116 -2.327
p.ind[11,2]   -1.000 -0.413  2.245
p.ind[11,3]    1.720  0.437 -1.584
p.ind[11,4]    0.751  0.725 -1.514
p.ind[12,1]    0.739  0.107 -1.691
p.ind[12,2]   -0.846  0.022  1.491
p.ind[12,3]    1.649 -0.581 -0.828
p.ind[12,4]    0.826  0.421 -1.150
p.ind[13,1]    1.057  0.419 -1.366
p.ind[13,2]   -0.924  0.245  1.171
p.ind[13,3]    1.511 -1.018 -0.588
p.ind[13,4]    0.847  0.090 -0.970
p.ind[14,1]    0.523 -0.048 -2.083
p.ind[14,2]   -0.742 -0.242  1.874
p.ind[14,3]    1.428  0.108 -1.333
p.ind[14,4]    0.783  0.583 -1.306
p.ind[15,1]    0.439 -0.089 -2.195
p.ind[15,2]   -1.100 -0.330  2.096
p.ind[15,3]    1.889  0.313 -1.614
p.ind[15,4]    0.759  0.661 -1.456
p.ind[16,1]    0.173 -0.213 -2.845
p.ind[16,2]    0.029 -0.664  2.488
p.ind[16,3]   -0.248  1.078 -1.683
p.ind[16,4]    0.055  1.952 -1.073
p.ind[17,1]    0.406 -0.120 -2.397
p.ind[17,2]   -0.988 -0.455  2.279
p.ind[17,3]    1.456  0.485 -1.611
p.ind[17,4]    0.747  0.760 -1.534
p.ind[18,1]    0.102 -0.242 -2.889
p.ind[18,2]    0.436 -0.716  2.626
p.ind[18,3]   -0.588  1.078 -1.550
p.ind[18,4]   -0.511  1.933 -0.932
p.ind[19,1]    0.396 -0.135 -2.576
p.ind[19,2]   -0.850 -0.456  2.347
p.ind[19,3]    1.335  0.566 -1.658
p.ind[19,4]    0.744  0.836 -1.562
p.ind[2,1]     0.385 -0.117 -2.476
p.ind[2,2]    -0.803 -0.608  2.416
p.ind[2,3]     1.209  0.517 -1.726
p.ind[2,4]     0.739  0.930 -1.578
p.ind[3,1]     0.680  0.050 -1.824
p.ind[3,2]    -0.818 -0.047  1.562
p.ind[3,3]     1.598 -0.422 -0.953
p.ind[3,4]     0.818  0.560 -1.130
p.ind[4,1]     0.642  0.021 -1.900
p.ind[4,2]    -0.800 -0.090  1.604
p.ind[4,3]     1.557 -0.313 -1.034
p.ind[4,4]     0.810  0.578 -1.170
p.ind[5,1]     0.201 -0.201 -2.821
p.ind[5,2]    -0.130 -0.645  2.510
p.ind[5,3]    -0.103  1.078 -1.740
p.ind[5,4]     0.210  1.957 -1.127
p.ind[6,1]     0.637  0.014 -1.917
p.ind[6,2]    -0.796 -0.100  1.613
p.ind[6,3]     1.548 -0.285 -1.054
p.ind[6,4]     0.809  0.595 -1.180
p.ind[7,1]     1.116  0.864 -0.868
p.ind[7,2]    -1.017  0.426  0.956
p.ind[7,3]     1.534 -1.332 -0.346
p.ind[7,4]     0.867 -0.274 -0.775
p.ind[8,1]     0.217 -0.195 -2.805
p.ind[8,2]    -0.222 -0.634  2.523
p.ind[8,3]    -0.016  1.077 -1.775
p.ind[8,4]     0.299  1.960 -1.334
p.ind[9,1]     0.196 -0.203 -2.826
p.ind[9,2]    -0.101 -0.649  2.506
p.ind[9,3]    -0.131  1.078 -1.729
p.ind[9,4]     0.180  1.956 -1.117
