
################################################################################
# Gelman-Rubin Diagnostic
################################################################################

Generally the Gelman diagnostic should be < 1.05


Out of 106 variables: 2 > 1.01

                      
0 > 1.05

                      
0 > 1.1


The worst variables are:

              Point est. Upper C.I.
ilr.global[3]   1.015064   1.045267
ilr.global[2]   1.014133   1.038414
loglik[14]      1.005258   1.012567
loglik[11]      1.004934   1.010410
ilr.global[1]   1.004266   1.005328
ilr.cont1[2]    1.003688   1.005795
loglik[15]      1.003256   1.007389
p.ind[14,4]     1.002580   1.007911
p.ind[6,4]      1.002552   1.007759
p.ind[4,4]      1.002543   1.007731


And here are the Gelman diagnostics for all variables:

              Point est. Upper C.I.
deviance       0.9998525  0.9998896
ilr.cont1[1]   1.0016531  1.0019161
ilr.cont1[2]   1.0036880  1.0057951
ilr.cont1[3]   1.0024384  1.0065677
ilr.global[1]  1.0042659  1.0053279
ilr.global[2]  1.0141329  1.0384144
ilr.global[3]  1.0150640  1.0452667
loglik[1]      1.0002040  1.0002115
loglik[10]     1.0004335  1.0027629
loglik[11]     1.0049336  1.0104100
loglik[12]     1.0007757  1.0025691
loglik[13]     1.0008828  1.0029168
loglik[14]     1.0052580  1.0125672
loglik[15]     1.0032563  1.0073891
loglik[16]     1.0008990  1.0017220
loglik[17]     1.0024146  1.0087629
loglik[18]     1.0022714  1.0033197
loglik[19]     1.0005277  1.0029892
loglik[2]      1.0002843  1.0021772
loglik[3]      1.0007256  1.0013661
loglik[4]      1.0003545  1.0012347
loglik[5]      1.0000428  1.0007572
loglik[6]      1.0009029  1.0045033
loglik[7]      1.0012889  1.0029985
loglik[8]      1.0013108  1.0031672
loglik[9]      1.0015180  1.0023094
p.global[1]    1.0005701  1.0032083
p.global[2]    1.0003347  1.0022979
p.global[3]    1.0002205  1.0009713
p.global[4]    1.0017569  1.0062165
p.ind[1,1]     1.0007692  1.0024521
p.ind[1,2]     0.9999169  1.0003540
p.ind[1,3]     1.0011087  1.0031310
p.ind[1,4]     1.0004717  1.0011737
p.ind[10,1]    1.0001834  1.0017037
p.ind[10,2]    1.0001717  1.0017890
p.ind[10,3]    1.0009001  1.0033338
p.ind[10,4]    1.0024261  1.0073804
p.ind[11,1]    1.0005620  1.0031927
p.ind[11,2]    1.0003441  1.0023252
p.ind[11,3]    1.0002990  1.0011000
p.ind[11,4]    1.0018506  1.0064232
p.ind[12,1]    1.0001823  1.0016969
p.ind[12,2]    1.0001712  1.0017857
p.ind[12,3]    1.0008979  1.0033347
p.ind[12,4]    1.0024241  1.0073744
p.ind[13,1]    1.0003378  1.0013523
p.ind[13,2]    1.0002066  1.0016120
p.ind[13,3]    1.0007007  1.0033967
p.ind[13,4]    1.0022111  1.0067479
p.ind[14,1]    1.0003836  1.0027175
p.ind[14,2]    1.0003375  1.0023768
p.ind[14,3]    1.0010767  1.0027981
p.ind[14,4]    1.0025795  1.0079112
p.ind[15,1]    1.0004830  1.0030354
p.ind[15,2]    1.0003755  1.0024385
p.ind[15,3]    1.0007566  1.0019385
p.ind[15,4]    1.0023158  1.0074059
p.ind[16,1]    1.0007555  1.0024818
p.ind[16,2]    0.9999277  1.0004114
p.ind[16,3]    1.0011006  1.0031219
p.ind[16,4]    1.0004719  1.0011690
p.ind[17,1]    1.0005789  1.0032262
p.ind[17,2]    1.0003174  1.0022504
p.ind[17,3]    1.0000988  1.0007787
p.ind[17,4]    1.0015994  1.0058605
p.ind[18,1]    1.0008056  1.0022781
p.ind[18,2]    0.9998591  1.0001010
p.ind[18,3]    1.0011114  1.0031072
p.ind[18,4]    1.0004924  1.0012666
p.ind[19,1]    1.0005724  1.0032258
p.ind[19,2]    1.0002599  1.0021027
p.ind[19,3]    0.9998340  1.0004031
p.ind[19,4]    1.0011615  1.0047852
p.ind[2,1]     1.0005323  1.0031650
p.ind[2,2]     1.0002009  1.0019558
p.ind[2,3]     0.9997458  1.0003481
p.ind[2,4]     1.0008373  1.0038134
p.ind[3,1]     1.0002392  1.0019873
p.ind[3,2]     1.0002029  1.0019370
p.ind[3,3]     1.0009872  1.0032823
p.ind[3,4]     1.0025007  1.0076021
p.ind[4,1]     1.0002813  1.0021814
p.ind[4,2]     1.0002321  1.0020482
p.ind[4,3]     1.0010383  1.0032265
p.ind[4,4]     1.0025430  1.0077312
p.ind[5,1]     1.0007170  1.0025422
p.ind[5,2]     0.9999497  1.0005461
p.ind[5,3]     1.0010702  1.0030784
p.ind[5,4]     1.0004776  1.0011775
p.ind[6,1]     1.0002910  1.0022271
p.ind[6,2]     1.0002397  1.0020756
p.ind[6,3]     1.0010491  1.0032094
p.ind[6,4]     1.0025520  1.0077591
p.ind[7,1]     1.0014663  1.0021837
p.ind[7,2]     1.0004336  1.0017776
p.ind[7,3]     1.0006351  1.0034642
p.ind[7,4]     1.0019916  1.0061187
p.ind[8,1]     1.0006905  1.0025733
p.ind[8,2]     0.9999606  1.0006269
p.ind[8,3]     1.0010439  1.0030362
p.ind[8,4]     1.0004840  1.0011949
p.ind[9,1]     1.0007248  1.0025318
p.ind[9,2]     0.9999459  1.0005209
p.ind[9,3]     1.0010771  1.0030890
p.ind[9,4]     1.0004760  1.0011740

################################################################################
# Geweke Diagnostic
################################################################################

The Geweke diagnostic is a standard z-score, so we'd expect 5% to be outside +/-1.96
Number of variables outside +/-1.96 in each chain (out of 
106
):


       Chain 1 Chain 2 Chain 3
Geweke      26      20      46


And here are the Geweke diagnostics for all variables:

              chain1 chain2 chain3
deviance       0.529 -2.880  1.043
ilr.cont1[1]   0.834  1.430 -0.524
ilr.cont1[2]  -1.515  1.287 -0.678
ilr.cont1[3]  -0.991  1.527 -0.770
ilr.global[1] -0.458 -1.906 -0.378
ilr.global[2]  0.245 -1.316  3.637
ilr.global[3]  0.442 -1.397  3.003
loglik[1]     -0.548  1.216 -0.843
loglik[10]     1.175  2.688 -0.663
loglik[11]    -0.043  1.663 -0.280
loglik[12]     0.200  1.224  2.257
loglik[13]     0.574  2.085  1.963
loglik[14]    -0.127  1.290 -0.254
loglik[15]    -0.092  0.758  0.411
loglik[16]     2.736 -0.450  0.000
loglik[17]     1.283  0.102  1.989
loglik[18]     0.949 -0.859 -0.873
loglik[19]     1.497  0.984  1.847
loglik[2]      1.708  0.592  1.741
loglik[3]      1.071  1.006 -2.114
loglik[4]      1.037  2.577 -0.157
loglik[5]      1.452  1.041 -1.077
loglik[6]     -0.296  1.387 -2.749
loglik[7]     -0.350  1.397  2.748
loglik[8]     -0.370 -0.318 -1.489
loglik[9]      1.981 -0.360 -0.587
p.global[1]   -0.645 -2.473 -0.290
p.global[2]    1.468  1.063  2.616
p.global[3]   -1.084  0.166 -3.531
p.global[4]   -2.085 -1.046 -1.036
p.ind[1,1]    -1.247 -2.874  0.295
p.ind[1,2]     3.239  1.043  2.205
p.ind[1,3]    -2.476  0.003 -1.985
p.ind[1,4]    -3.212 -0.126 -1.206
p.ind[10,1]   -0.497 -1.837 -0.321
p.ind[10,2]    0.848  0.942  2.211
p.ind[10,3]   -0.077  0.567 -3.693
p.ind[10,4]   -1.420 -1.228 -0.499
p.ind[11,1]   -0.630 -2.450 -0.286
p.ind[11,2]    1.451  1.063  2.528
p.ind[11,3]   -1.057  0.175 -3.582
p.ind[11,4]   -2.076 -1.063 -1.022
p.ind[12,1]   -0.497 -1.834 -0.322
p.ind[12,2]    0.846  0.941  2.209
p.ind[12,3]   -0.073  0.568 -3.687
p.ind[12,4]   -1.418 -1.228 -0.497
p.ind[13,1]   -0.496 -1.418 -0.502
p.ind[13,2]    0.604  0.859  1.976
p.ind[13,3]    0.415  0.589 -3.023
p.ind[13,4]   -1.225 -1.226 -0.248
p.ind[14,1]   -0.471 -2.128 -0.216
p.ind[14,2]    1.103  1.077  2.407
p.ind[14,3]   -0.581  0.342 -4.396
p.ind[14,4]   -1.902 -1.257 -0.782
p.ind[15,1]   -0.561 -2.306 -0.264
p.ind[15,2]    1.329  1.071  2.505
p.ind[15,3]   -0.784  0.236 -3.864
p.ind[15,4]   -2.010 -1.240 -0.929
p.ind[16,1]   -1.251 -2.874  0.271
p.ind[16,2]    3.174  1.053  2.231
p.ind[16,3]   -2.424  0.003 -1.996
p.ind[16,4]   -3.196 -0.143 -1.220
p.ind[17,1]   -0.673 -2.511 -0.296
p.ind[17,2]    1.498  1.064  2.620
p.ind[17,3]   -1.128  0.151 -3.450
p.ind[17,4]   -2.100 -1.016 -1.057
p.ind[18,1]   -1.223 -3.455  0.401
p.ind[18,2]    3.500  0.996  2.073
p.ind[18,3]   -2.526  0.004 -1.859
p.ind[18,4]   -3.221 -0.053 -1.141
p.ind[19,1]   -0.769 -2.605 -0.312
p.ind[19,2]    1.417  1.073  2.631
p.ind[19,3]   -1.290  0.115 -3.225
p.ind[19,4]   -2.139 -0.923 -1.114
p.ind[2,1]    -0.974 -2.879 -0.316
p.ind[2,2]     1.474  1.086  2.427
p.ind[2,3]    -1.373  0.094 -3.028
p.ind[2,4]    -2.172 -0.826 -1.161
p.ind[3,1]    -0.497 -2.014 -0.273
p.ind[3,2]     0.920  0.982  2.276
p.ind[3,3]    -0.244  0.538 -3.941
p.ind[3,4]    -1.496 -1.236 -0.538
p.ind[4,1]    -0.498 -2.078 -0.249
p.ind[4,2]     0.963  1.004  2.312
p.ind[4,3]    -0.349  0.492 -4.096
p.ind[4,4]    -1.548 -1.241 -0.595
p.ind[5,1]    -1.259 -2.868  0.200
p.ind[5,2]     3.016  1.075  2.289
p.ind[5,3]    -2.382  0.004 -2.057
p.ind[5,4]    -2.305 -0.184 -1.252
p.ind[6,1]    -0.498 -2.139 -0.244
p.ind[6,2]     0.974  1.009  2.321
p.ind[6,3]    -0.373  0.485 -4.131
p.ind[6,4]    -1.561 -1.243 -0.609
p.ind[7,1]    -0.477 -0.691 -0.968
p.ind[7,2]     0.244  0.624  1.883
p.ind[7,3]     0.893  0.510 -2.196
p.ind[7,4]    -1.027 -1.267  0.024
p.ind[8,1]    -1.262 -2.860  0.170
p.ind[8,2]     2.921  1.089  2.321
p.ind[8,3]    -2.317  0.004 -2.094
p.ind[8,4]    -2.319 -0.209 -1.271
p.ind[9,1]    -1.257 -2.870  0.210
p.ind[9,2]     3.046  1.071  2.278
p.ind[9,3]    -2.390  0.004 -2.046
p.ind[9,4]    -2.301 -0.176 -1.246
