
################################################################################
# Gelman-Rubin Diagnostic
################################################################################

Generally the Gelman diagnostic should be < 1.05


Out of 106 variables: 42 > 1.01

                      
0 > 1.05

                      
0 > 1.1


The worst variables are:

            Point est. Upper C.I.
p.ind[14,1]   1.032110   1.082347
p.ind[18,1]   1.032090   1.082405
p.ind[2,1]    1.031760   1.081204
p.ind[17,1]   1.031758   1.081196
p.ind[19,1]   1.031360   1.080095
p.ind[11,1]   1.030505   1.077832
p.global[1]   1.030414   1.077595
p.ind[3,1]    1.028724   1.073273
p.ind[14,2]   1.025375   1.083264
p.ind[18,2]   1.025368   1.083348


And here are the Gelman diagnostics for all variables:

              Point est. Upper C.I.
deviance       1.0005966   1.002888
ilr.cont1[1]   1.0041316   1.012880
ilr.cont1[2]   1.0054053   1.013761
ilr.cont1[3]   1.0057580   1.011037
ilr.global[1]  1.0167407   1.059900
ilr.global[2]  1.0088671   1.010218
ilr.global[3]  1.0092774   1.009600
loglik[1]      0.9998958   1.000130
loglik[10]     1.0018897   1.002084
loglik[11]     1.0030313   1.006811
loglik[12]     1.0013862   1.004634
loglik[13]     1.0001995   1.000914
loglik[14]     1.0032998   1.008449
loglik[15]     1.0008769   1.004044
loglik[16]     1.0008055   1.002843
loglik[17]     1.0050202   1.018846
loglik[18]     1.0063484   1.023987
loglik[19]     1.0061660   1.023160
loglik[2]      1.0026847   1.010875
loglik[3]      1.0010034   1.003793
loglik[4]      1.0021053   1.008850
loglik[5]      1.0014879   1.005423
loglik[6]      1.0013334   1.001818
loglik[7]      1.0009886   1.003268
loglik[8]      0.9998074   1.000326
loglik[9]      1.0019561   1.002594
p.global[1]    1.0304135   1.077595
p.global[2]    1.0242472   1.079429
p.global[3]    1.0085303   1.030261
p.global[4]    1.0151217   1.054036
p.ind[1,1]     1.0178106   1.050615
p.ind[1,2]     1.0197397   1.068130
p.ind[1,3]     1.0073055   1.026402
p.ind[1,4]     1.0093767   1.034716
p.ind[10,1]    1.0050493   1.014445
p.ind[10,2]    1.0041390   1.015956
p.ind[10,3]    1.0011590   1.004601
p.ind[10,4]    1.0050768   1.017605
p.ind[11,1]    1.0305050   1.077832
p.ind[11,2]    1.0243098   1.079623
p.ind[11,3]    1.0085658   1.030368
p.ind[11,4]    1.0151427   1.054123
p.ind[12,1]    1.0100855   1.027371
p.ind[12,2]    1.0084453   1.030884
p.ind[12,3]    1.0019616   1.008029
p.ind[12,4]    1.0073831   1.026063
p.ind[13,1]    1.0042539   1.012162
p.ind[13,2]    1.0033431   1.013059
p.ind[13,3]    1.0010506   1.004206
p.ind[13,4]    1.0046174   1.015854
p.ind[14,1]    1.0321101   1.082347
p.ind[14,2]    1.0253745   1.083264
p.ind[14,3]    1.0091767   1.032218
p.ind[14,4]    1.0150773   1.054389
p.ind[15,1]    1.0195427   1.050556
p.ind[15,2]    1.0160348   1.054953
p.ind[15,3]    1.0044032   1.017219
p.ind[15,4]    1.0112014   1.039680
p.ind[16,1]    1.0105880   1.033464
p.ind[16,2]    1.0174230   1.061105
p.ind[16,3]    1.0068824   1.025061
p.ind[16,4]    1.0080421   1.029831
p.ind[17,1]    1.0317578   1.081196
p.ind[17,2]    1.0251450   1.082318
p.ind[17,3]    1.0090400   1.031800
p.ind[17,4]    1.0152900   1.054914
p.ind[18,1]    1.0320898   1.082405
p.ind[18,2]    1.0253678   1.083348
p.ind[18,3]    1.0091789   1.032227
p.ind[18,4]    1.0149426   1.053987
p.ind[19,1]    1.0313599   1.080095
p.ind[19,2]    1.0248849   1.081442
p.ind[19,3]    1.0088920   1.031352
p.ind[19,4]    1.0152864   1.054789
p.ind[2,1]     1.0317605   1.081204
p.ind[2,2]     1.0251467   1.082324
p.ind[2,3]     1.0090410   1.031803
p.ind[2,4]     1.0152897   1.054914
p.ind[3,1]     1.0287244   1.073273
p.ind[3,2]     1.0230591   1.075834
p.ind[3,3]     1.0078619   1.028238
p.ind[3,4]     1.0146425   1.052157
p.ind[4,1]     1.0244257   1.062551
p.ind[4,2]     1.0198534   1.066350
p.ind[4,3]     1.0061566   1.022962
p.ind[4,4]     1.0131037   1.046495
p.ind[5,1]     1.0232825   1.063139
p.ind[5,2]     1.0216186   1.073631
p.ind[5,3]     1.0078108   1.028009
p.ind[5,4]     1.0107761   1.039727
p.ind[6,1]     1.0043462   1.012437
p.ind[6,2]     1.0034400   1.013415
p.ind[6,3]     1.0010630   1.004248
p.ind[6,4]     1.0046744   1.016073
p.ind[7,1]     1.0091832   1.025128
p.ind[7,2]     1.0077082   1.028403
p.ind[7,3]     1.0017972   1.007326
p.ind[7,4]     1.0070012   1.024685
p.ind[8,1]     1.0192749   1.053993
p.ind[8,2]     1.0202235   1.069568
p.ind[8,3]     1.0074232   1.026778
p.ind[8,4]     1.0097129   1.035925
p.ind[9,1]     1.0050000   1.018776
p.ind[9,2]     1.0153818   1.054754
p.ind[9,3]     1.0067058   1.024651
p.ind[9,4]     1.0074392   1.027090

################################################################################
# Geweke Diagnostic
################################################################################

The Geweke diagnostic is a standard z-score, so we'd expect 5% to be outside +/-1.96
Number of variables outside +/-1.96 in each chain (out of 
106
):


       Chain 1 Chain 2 Chain 3
Geweke       2      22       5


And here are the Geweke diagnostics for all variables:

              chain1 chain2 chain3
deviance      -1.539  3.275 -0.879
ilr.cont1[1]  -0.469  1.645 -1.180
ilr.cont1[2]  -0.596 -1.308  0.072
ilr.cont1[3]  -0.711 -1.543  0.221
ilr.global[1]  1.615  1.011 -0.141
ilr.global[2]  2.475 -0.949 -0.718
ilr.global[3]  2.330 -1.179 -0.677
loglik[1]     -1.469 -0.115  0.905
loglik[10]     1.294 -2.440  2.340
loglik[11]     1.136 -2.080  3.227
loglik[12]     0.484 -1.476  0.953
loglik[13]     0.676 -1.705  1.606
loglik[14]     1.351 -1.366  3.082
loglik[15]     0.063 -0.837  0.810
loglik[16]     1.621 -0.552  1.507
loglik[17]     0.983 -1.448  0.184
loglik[18]     1.618 -0.994  2.368
loglik[19]     1.163 -0.836  1.895
loglik[2]      0.850 -0.898  1.306
loglik[3]     -1.218  1.415 -0.299
loglik[4]     -0.286 -1.915  0.332
loglik[5]      0.753 -1.568  2.252
loglik[6]      1.410 -0.229  0.874
loglik[7]      0.204 -1.434  0.323
loglik[8]     -0.245  0.549  0.240
loglik[9]      0.788 -0.964  0.546
p.global[1]    1.019  1.271 -0.344
p.global[2]   -0.946 -1.877 -0.086
p.global[3]    0.352  2.078  0.335
p.global[4]    1.268  1.820  0.466
p.ind[1,1]     1.532  1.596  0.140
p.ind[1,2]    -0.546 -0.952 -0.430
p.ind[1,3]    -0.400  1.843 -0.060
p.ind[1,4]     0.360  1.685  0.953
p.ind[10,1]    0.987  2.022 -0.625
p.ind[10,2]   -1.455 -1.335  0.085
p.ind[10,3]    0.922  2.010  0.506
p.ind[10,4]    1.879  1.751 -0.235
p.ind[11,1]    1.018  1.270 -0.342
p.ind[11,2]   -0.943 -1.876 -0.087
p.ind[11,3]    0.347  2.076  0.333
p.ind[11,4]    1.262  1.817  0.468
p.ind[12,1]    1.075  1.449 -0.595
p.ind[12,2]   -1.382 -0.741  0.022
p.ind[12,3]    0.885  0.877  0.532
p.ind[12,4]    1.788  2.243  0.003
p.ind[13,1]    0.952  2.033 -0.623
p.ind[13,2]   -1.575 -1.314  0.106
p.ind[13,3]    0.942  1.944  0.489
p.ind[13,4]    1.869  1.751 -0.297
p.ind[14,1]    1.053  1.257 -0.283
p.ind[14,2]   -0.861 -1.607 -0.131
p.ind[14,3]    0.170  2.027  0.242
p.ind[14,4]    0.881  1.776  0.568
p.ind[15,1]    1.197  1.257 -0.499
p.ind[15,2]   -1.324 -1.575 -0.023
p.ind[15,3]    0.647  2.226  0.479
p.ind[15,4]    1.685  2.076  0.259
p.ind[16,1]    1.603  1.795  0.373
p.ind[16,2]   -0.589 -1.289 -0.567
p.ind[16,3]   -0.499  1.552 -0.140
p.ind[16,4]    0.068  1.187  1.032
p.ind[17,1]    1.023  1.254 -0.306
p.ind[17,2]   -0.895 -1.878 -0.109
p.ind[17,3]    0.228  2.047  0.284
p.ind[17,4]    0.963  1.786  0.517
p.ind[18,1]    1.068  1.260 -0.275
p.ind[18,2]   -0.850 -1.595 -0.142
p.ind[18,3]    0.142  1.747  0.228
p.ind[18,4]    0.855  1.774  0.582
p.ind[19,1]    1.017  1.258 -0.319
p.ind[19,2]   -0.913 -1.874 -0.099
p.ind[19,3]    0.264  2.058  0.304
p.ind[19,4]    1.006  1.796  0.497
p.ind[2,1]     1.023  1.254 -0.306
p.ind[2,2]    -0.895 -1.878 -0.109
p.ind[2,3]     0.252  2.047  0.284
p.ind[2,4]     0.963  1.786  0.517
p.ind[3,1]     1.039  1.303 -0.388
p.ind[3,2]    -1.069 -1.896 -0.071
p.ind[3,3]     0.393  2.107  0.373
p.ind[3,4]     1.355  1.861  0.425
p.ind[4,1]     1.124  1.199 -0.426
p.ind[4,2]    -1.205 -1.548 -0.048
p.ind[4,3]     0.527  2.172  0.428
p.ind[4,4]     1.589  1.966  0.341
p.ind[5,1]     1.302  1.562  0.001
p.ind[5,2]    -0.622 -0.869 -0.336
p.ind[5,3]    -0.291  1.980  0.009
p.ind[5,4]     0.520  1.791  0.862
p.ind[6,1]     0.957  2.032 -0.623
p.ind[6,2]    -1.575 -1.317  0.103
p.ind[6,3]     0.942  1.952  0.491
p.ind[6,4]     1.870  1.751 -0.289
p.ind[7,1]     1.067  1.474 -0.603
p.ind[7,2]    -1.396 -0.735  0.030
p.ind[7,3]     0.895  2.185  0.533
p.ind[7,4]     1.793  2.254 -0.027
p.ind[8,1]     1.539  1.589  0.101
p.ind[8,2]    -0.567 -0.923 -0.405
p.ind[8,3]    -0.374  1.886 -0.043
p.ind[8,4]     0.364  1.730  0.932
p.ind[9,1]     1.884  1.502  0.773
p.ind[9,2]    -0.372 -0.489 -0.704
p.ind[9,3]    -0.552  0.410 -0.211
p.ind[9,4]    -0.142 -0.646  1.045
