
################################################################################
# Gelman-Rubin Diagnostic
################################################################################

Generally the Gelman diagnostic should be < 1.05


Out of 106 variables: 1 > 1.01

                      
0 > 1.05

                      
0 > 1.1


The worst variables are:

              Point est. Upper C.I.
ilr.global[1]   1.012229   1.041660
p.ind[19,2]     1.007380   1.025733
p.global[2]     1.007352   1.025658
p.ind[11,2]     1.007336   1.025613
p.ind[17,2]     1.006646   1.023541
p.ind[2,2]      1.006329   1.022517
p.ind[15,2]     1.006129   1.021937
p.ind[2,1]      1.005398   1.017731
loglik[19]      1.005147   1.019446
p.ind[19,1]     1.005093   1.017851


And here are the Gelman diagnostics for all variables:

              Point est. Upper C.I.
deviance       1.0050512  1.0156837
ilr.cont1[1]   1.0023629  1.0089704
ilr.cont1[2]   1.0026851  1.0061372
ilr.cont1[3]   1.0031401  1.0056565
ilr.global[1]  1.0122294  1.0416596
ilr.global[2]  1.0027497  1.0081735
ilr.global[3]  1.0024244  1.0083317
loglik[1]      0.9996038  0.9998468
loglik[10]     1.0031381  1.0091918
loglik[11]     1.0034480  1.0130597
loglik[12]     1.0022499  1.0090412
loglik[13]     1.0029652  1.0109860
loglik[14]     1.0028540  1.0103073
loglik[15]     1.0018891  1.0065691
loglik[16]     1.0010424  1.0023031
loglik[17]     1.0031596  1.0114839
loglik[18]     1.0002553  1.0007169
loglik[19]     1.0051471  1.0194465
loglik[2]      1.0029756  1.0119663
loglik[3]      1.0006054  1.0028935
loglik[4]      0.9997950  1.0001895
loglik[5]      1.0013072  1.0048733
loglik[6]      1.0019269  1.0042651
loglik[7]      1.0021809  1.0068180
loglik[8]      0.9999526  1.0011549
loglik[9]      1.0005691  1.0010544
p.global[1]    1.0050221  1.0176201
p.global[2]    1.0073517  1.0256583
p.global[3]    1.0050560  1.0194018
p.global[4]    1.0002506  1.0016501
p.ind[1,1]     1.0047091  1.0125972
p.ind[1,2]     1.0024339  1.0094820
p.ind[1,3]     1.0011434  1.0054859
p.ind[1,4]     0.9999086  1.0005111
p.ind[10,1]    1.0027427  1.0083463
p.ind[10,2]    1.0029874  1.0111653
p.ind[10,3]    1.0025981  1.0099467
p.ind[10,4]    0.9999390  1.0003336
p.ind[11,1]    1.0050136  1.0175824
p.ind[11,2]    1.0073359  1.0256126
p.ind[11,3]    1.0050617  1.0194144
p.ind[11,4]    1.0002458  1.0016292
p.ind[12,1]    1.0016248  1.0049922
p.ind[12,2]    1.0021296  1.0074386
p.ind[12,3]    1.0017466  1.0066365
p.ind[12,4]    0.9999222  1.0002189
p.ind[13,1]    1.0014545  1.0045332
p.ind[13,2]    1.0020506  1.0069838
p.ind[13,3]    1.0016385  1.0061756
p.ind[13,4]    0.9999222  1.0002110
p.ind[14,1]    1.0039200  1.0125734
p.ind[14,2]    1.0045857  1.0168986
p.ind[14,3]    1.0037297  1.0142509
p.ind[14,4]    1.0000037  1.0006244
p.ind[15,1]    1.0046323  1.0155977
p.ind[15,2]    1.0061291  1.0219367
p.ind[15,3]    1.0046088  1.0176117
p.ind[15,4]    1.0001016  1.0010271
p.ind[16,1]    1.0044963  1.0118886
p.ind[16,2]    1.0021835  1.0085780
p.ind[16,3]    1.0010006  1.0049416
p.ind[16,4]    0.9998833  1.0004113
p.ind[17,1]    1.0048018  1.0164447
p.ind[17,2]    1.0066461  1.0235412
p.ind[17,3]    1.0048600  1.0185703
p.ind[17,4]    1.0001475  1.0012152
p.ind[18,1]    1.0043228  1.0113169
p.ind[18,2]    1.0019976  1.0079003
p.ind[18,3]    1.0008975  1.0045418
p.ind[18,4]    0.9998652  1.0003392
p.ind[19,1]    1.0050930  1.0178509
p.ind[19,2]    1.0073804  1.0257327
p.ind[19,3]    1.0049351  1.0190391
p.ind[19,4]    1.0002850  1.0018044
p.ind[2,1]     1.0053977  1.0177313
p.ind[2,2]     1.0063290  1.0225174
p.ind[2,3]     1.0038271  1.0152498
p.ind[2,4]     1.0002857  1.0018884
p.ind[3,1]     1.0024519  1.0074127
p.ind[3,2]     1.0027076  1.0100573
p.ind[3,3]     1.0023551  1.0090256
p.ind[3,4]     0.9999315  1.0002924
p.ind[4,1]     1.0038628  1.0123504
p.ind[4,2]     1.0044872  1.0165635
p.ind[4,3]     1.0036681  1.0140147
p.ind[4,4]     0.9999988  1.0006035
p.ind[5,1]     1.0049550  1.0134514
p.ind[5,2]     1.0027731  1.0106918
p.ind[5,3]     1.0013430  1.0062348
p.ind[5,4]     0.9999441  1.0006495
p.ind[6,1]     1.0025993  1.0078803
p.ind[6,2]     1.0028443  1.0106056
p.ind[6,3]     1.0024765  1.0094864
p.ind[6,4]     0.9999350  1.0003121
p.ind[7,1]     1.0005829  1.0022242
p.ind[7,2]     1.0020395  1.0048582
p.ind[7,3]     1.0012378  1.0034569
p.ind[7,4]     0.9999421  1.0002479
p.ind[8,1]     1.0043857  1.0115242
p.ind[8,2]     1.0020635  1.0081413
p.ind[8,3]     1.0009337  1.0046831
p.ind[8,4]     0.9998715  1.0003645
p.ind[9,1]     1.0040307  1.0103389
p.ind[9,2]     1.0017064  1.0068246
p.ind[9,3]     1.0007420  1.0039214
p.ind[9,4]     0.9998384  1.0002311

################################################################################
# Geweke Diagnostic
################################################################################

The Geweke diagnostic is a standard z-score, so we'd expect 5% to be outside +/-1.96
Number of variables outside +/-1.96 in each chain (out of 
106
):


       Chain 1 Chain 2 Chain 3
Geweke       1       1      31


And here are the Geweke diagnostics for all variables:

              chain1 chain2 chain3
deviance      -2.126 -1.443 -0.897
ilr.cont1[1]  -0.633 -1.263 -3.600
ilr.cont1[2]  -1.214 -2.075 -1.736
ilr.cont1[3]  -1.008 -1.932 -1.185
ilr.global[1]  0.777  0.091  2.112
ilr.global[2]  0.706  0.829  0.804
ilr.global[3]  0.899  0.717  0.625
loglik[1]      0.845  0.623  0.709
loglik[10]     0.375  0.300  1.220
loglik[11]     0.711  0.837  0.064
loglik[12]    -0.345  0.200 -0.696
loglik[13]    -0.194  0.195 -0.163
loglik[14]     0.412  0.742  0.273
loglik[15]     0.420  0.718 -0.878
loglik[16]     1.722  0.868 -1.359
loglik[17]     0.094  0.534 -1.380
loglik[18]     1.251  0.218 -1.773
loglik[19]     0.912  1.137 -0.949
loglik[2]      1.186  1.377 -1.162
loglik[3]      0.361 -0.617  0.680
loglik[4]     -0.288 -0.500 -0.492
loglik[5]      1.901  0.972 -0.542
loglik[6]      0.767  0.422  2.140
loglik[7]     -0.245 -0.213 -0.510
loglik[8]     -0.200 -0.829 -1.539
loglik[9]      1.436  0.386 -1.894
p.global[1]    0.329  0.057  1.040
p.global[2]   -0.199  0.282 -2.438
p.global[3]   -0.274 -0.759  1.473
p.global[4]    0.566  0.157  2.230
p.ind[1,1]    -0.016 -0.045  2.675
p.ind[1,2]     0.386  0.390 -3.355
p.ind[1,3]    -0.853 -1.198  0.493
p.ind[1,4]     0.242  0.273  3.689
p.ind[10,1]    0.339  0.112 -0.320
p.ind[10,2]   -0.729 -0.150 -1.208
p.ind[10,3]    0.534  0.026  1.207
p.ind[10,4]    0.719  0.203  1.076
p.ind[11,1]    0.333  0.059  1.029
p.ind[11,2]   -0.208  0.278 -2.426
p.ind[11,3]   -0.263 -0.752  1.472
p.ind[11,4]    0.570  0.157  2.204
p.ind[12,1]    0.127  0.061 -1.025
p.ind[12,2]   -1.706 -0.302 -0.770
p.ind[12,3]    0.744  0.292  0.909
p.ind[12,4]    0.734  0.240  0.916
p.ind[13,1]    0.079  0.039 -1.122
p.ind[13,2]   -1.721 -0.327 -0.678
p.ind[13,3]    0.774  0.336  0.862
p.ind[13,4]    0.737  0.248  0.893
p.ind[14,1]    0.422  0.116  0.316
p.ind[14,2]   -0.572  0.015 -1.727
p.ind[14,3]    0.273 -0.253  1.282
p.ind[14,4]    0.683  0.175  1.377
p.ind[15,1]    0.395  0.079  0.842
p.ind[15,2]   -0.430  0.111 -2.051
p.ind[15,3]    0.039 -0.528  1.366
p.ind[15,4]    0.644  0.163  1.591
p.ind[16,1]   -0.042 -0.056  2.741
p.ind[16,2]    0.404  0.365 -3.362
p.ind[16,3]   -0.863 -1.167  0.441
p.ind[16,4]    0.236  0.286  3.641
p.ind[17,1]    0.372  0.080  0.817
p.ind[17,2]   -0.358  0.195 -2.153
p.ind[17,3]   -0.056 -0.609  1.418
p.ind[17,4]    0.624  0.161  1.762
p.ind[18,1]   -0.064 -0.069  2.792
p.ind[18,2]    0.418  0.345 -3.364
p.ind[18,3]   -0.869 -1.139  0.399
p.ind[18,4]    0.232  0.297  3.602
p.ind[19,1]    0.301  0.046  1.360
p.ind[19,2]   -0.120  0.313 -2.542
p.ind[19,3]   -0.444 -0.805  1.481
p.ind[19,4]    0.536  0.159  2.460
p.ind[2,1]     0.223  0.018  1.697
p.ind[2,2]     0.086  0.386 -2.764
p.ind[2,3]    -0.815 -0.871  1.516
p.ind[2,4]     0.420  0.220  3.141
p.ind[3,1]     0.297  0.102 -0.479
p.ind[3,2]    -1.359 -0.189 -1.077
p.ind[3,3]     0.603  0.093  1.147
p.ind[3,4]     0.723  0.211  1.023
p.ind[4,1]     0.421  0.117  0.285
p.ind[4,2]    -0.582  0.007 -1.702
p.ind[4,3]     0.288 -0.238  1.272
p.ind[4,4]     0.685  0.176  1.356
p.ind[5,1]     0.013 -0.033  2.590
p.ind[5,2]     0.362  0.395 -3.306
p.ind[5,3]    -0.839 -1.227  0.556
p.ind[5,4]     0.251  0.259  3.744
p.ind[6,1]     0.319  0.108 -0.399
p.ind[6,2]    -0.743 -0.169 -1.144
p.ind[6,3]     0.576  0.059  1.178
p.ind[6,4]     0.721  0.207  1.049
p.ind[7,1]    -0.422 -0.220 -1.827
p.ind[7,2]    -1.586 -0.540 -0.012
p.ind[7,3]     1.009  0.815  0.500
p.ind[7,4]     0.775  0.323  0.772
p.ind[8,1]    -0.056 -0.065  2.773
p.ind[8,2]     0.413  0.352 -3.364
p.ind[8,3]    -0.867 -1.150  0.414
p.ind[8,4]     0.233  0.293  3.616
p.ind[9,1]    -0.102 -0.089  2.875
p.ind[9,2]     0.440  0.307 -3.365
p.ind[9,3]    -0.878 -1.081  0.325
p.ind[9,4]     0.227  0.317  3.532
