
################################################################################
# Gelman-Rubin Diagnostic
################################################################################

Generally the Gelman diagnostic should be < 1.05


Out of 106 variables: 14 > 1.01

                      
0 > 1.05

                      
0 > 1.1


The worst variables are:

              Point est. Upper C.I.
ilr.global[1]   1.027292   1.089566
ilr.global[2]   1.024697   1.073859
ilr.global[3]   1.019789   1.061629
p.ind[2,1]      1.013895   1.047475
p.ind[17,1]     1.013895   1.047475
p.ind[14,1]     1.013876   1.047116
p.ind[19,1]     1.013845   1.047450
p.ind[18,1]     1.013833   1.046864
p.ind[11,1]     1.013701   1.047171
p.global[1]     1.013685   1.047132


And here are the Gelman diagnostics for all variables:

              Point est. Upper C.I.
deviance       1.0007233  1.0038645
ilr.cont1[1]   1.0022299  1.0026306
ilr.cont1[2]   1.0074087  1.0083516
ilr.cont1[3]   1.0044903  1.0050542
ilr.global[1]  1.0272921  1.0895662
ilr.global[2]  1.0246973  1.0738590
ilr.global[3]  1.0197886  1.0616292
loglik[1]      1.0004654  1.0030509
loglik[10]     1.0006313  1.0023405
loglik[11]     0.9999260  1.0003517
loglik[12]     1.0011214  1.0043619
loglik[13]     1.0021169  1.0050036
loglik[14]     1.0002237  1.0013015
loglik[15]     1.0006242  1.0025601
loglik[16]     1.0039917  1.0129815
loglik[17]     1.0053885  1.0202057
loglik[18]     1.0025805  1.0104015
loglik[19]     1.0019464  1.0076688
loglik[2]      1.0004839  1.0023355
loglik[3]      0.9998856  1.0002419
loglik[4]      1.0023678  1.0096557
loglik[5]      1.0016729  1.0060952
loglik[6]      0.9996525  0.9998336
loglik[7]      1.0008574  1.0034438
loglik[8]      1.0022689  1.0051204
loglik[9]      1.0016721  1.0051813
p.global[1]    1.0136846  1.0471318
p.global[2]    1.0079340  1.0292744
p.global[3]    1.0019070  1.0061152
p.global[4]    1.0029885  1.0117681
p.ind[1,1]     1.0087139  1.0271297
p.ind[1,2]     1.0045072  1.0171952
p.ind[1,3]     1.0005847  1.0023732
p.ind[1,4]     1.0017121  1.0070266
p.ind[10,1]    1.0060586  1.0196717
p.ind[10,2]    1.0031870  1.0121579
p.ind[10,3]    1.0001534  1.0016000
p.ind[10,4]    1.0007903  1.0033809
p.ind[11,1]    1.0137014  1.0471705
p.ind[11,2]    1.0079354  1.0292826
p.ind[11,3]    1.0019072  1.0061093
p.ind[11,4]    1.0029955  1.0118114
p.ind[12,1]    1.0083850  1.0289562
p.ind[12,2]    1.0048458  1.0177710
p.ind[12,3]    1.0006201  1.0029279
p.ind[12,4]    1.0012766  1.0048585
p.ind[13,1]    1.0054545  1.0173616
p.ind[13,2]    1.0027992  1.0108745
p.ind[13,3]    1.0000670  1.0013535
p.ind[13,4]    1.0006896  1.0030846
p.ind[14,1]    1.0138763  1.0471157
p.ind[14,2]    1.0077216  1.0286056
p.ind[14,3]    1.0017587  1.0055442
p.ind[14,4]    1.0031035  1.0126215
p.ind[15,1]    1.0112067  1.0394551
p.ind[15,2]    1.0067655  1.0247360
p.ind[15,3]    1.0013459  1.0049318
p.ind[15,4]    1.0020787  1.0076069
p.ind[16,1]    1.0054034  1.0165354
p.ind[16,2]    1.0033155  1.0128339
p.ind[16,3]    1.0003626  1.0018045
p.ind[16,4]    1.0011404  1.0050287
p.ind[17,1]    1.0138946  1.0474753
p.ind[17,2]    1.0078790  1.0291326
p.ind[17,3]    1.0018604  1.0058787
p.ind[17,4]    1.0030871  1.0124294
p.ind[18,1]    1.0138327  1.0468645
p.ind[18,2]    1.0076463  1.0283483
p.ind[18,3]    1.0017131  1.0054068
p.ind[18,4]    1.0030969  1.0126165
p.ind[19,1]    1.0138447  1.0474495
p.ind[19,2]    1.0079203  1.0292609
p.ind[19,3]    1.0018903  1.0059980
p.ind[19,4]    1.0030597  1.0122272
p.ind[2,1]     1.0138949  1.0474750
p.ind[2,2]     1.0078786  1.0291312
p.ind[2,3]     1.0018601  1.0058776
p.ind[2,4]     1.0030873  1.0124307
p.ind[3,1]     1.0133516  1.0462652
p.ind[3,2]     1.0078560  1.0289407
p.ind[3,3]     1.0018715  1.0061185
p.ind[3,4]     1.0028534  1.0110027
p.ind[4,1]     1.0124035  1.0434155
p.ind[4,2]     1.0074413  1.0273159
p.ind[4,3]     1.0016608  1.0057089
p.ind[4,4]     1.0024931  1.0092808
p.ind[5,1]     1.0107346  1.0344440
p.ind[5,2]     1.0054514  1.0206126
p.ind[5,3]     1.0008141  1.0029742
p.ind[5,4]     1.0022016  1.0088408
p.ind[6,1]     1.0055334  1.0176589
p.ind[6,2]     1.0028484  1.0110374
p.ind[6,3]     1.0000774  1.0013833
p.ind[6,4]     1.0007022  1.0031216
p.ind[7,1]     1.0080519  1.0276275
p.ind[7,2]     1.0046014  1.0169248
p.ind[7,3]     1.0005423  1.0027070
p.ind[7,4]     1.0011970  1.0046096
p.ind[8,1]     1.0092843  1.0291316
p.ind[8,2]     1.0047521  1.0180863
p.ind[8,3]     1.0006387  1.0025139
p.ind[8,4]     1.0018378  1.0074805
p.ind[9,1]     1.0020148  1.0070726
p.ind[9,2]     1.0022581  1.0089932
p.ind[9,3]     1.0002138  1.0014332
p.ind[9,4]     1.0007142  1.0035759

################################################################################
# Geweke Diagnostic
################################################################################

The Geweke diagnostic is a standard z-score, so we'd expect 5% to be outside +/-1.96
Number of variables outside +/-1.96 in each chain (out of 
106
):


       Chain 1 Chain 2 Chain 3
Geweke       4       5       1


And here are the Geweke diagnostics for all variables:

              chain1 chain2 chain3
deviance       0.555 -1.264  1.252
ilr.cont1[1]   0.406 -0.478  0.442
ilr.cont1[2]  -0.868 -0.309 -0.068
ilr.cont1[3]  -0.375 -0.287  0.372
ilr.global[1]  0.471 -0.349  1.028
ilr.global[2] -1.503  1.403  0.715
ilr.global[3] -1.627  1.851  0.376
loglik[1]      2.748 -1.305  0.863
loglik[10]    -2.692  0.583  0.257
loglik[11]    -0.250 -0.018  0.661
loglik[12]    -1.012  1.274 -1.010
loglik[13]    -1.595  1.007 -0.750
loglik[14]    -0.260  0.768  0.789
loglik[15]    -0.510 -1.013 -0.248
loglik[16]    -1.678  1.854  0.221
loglik[17]    -0.419  1.307 -0.601
loglik[18]    -0.275  0.947  0.485
loglik[19]     0.230  0.239  0.152
loglik[2]      1.188 -0.807  0.317
loglik[3]     -1.228  1.741 -0.712
loglik[4]     -1.063  2.477 -0.808
loglik[5]     -0.121  0.898  1.022
loglik[6]     -1.649 -0.857  0.987
loglik[7]     -0.469  1.189 -1.126
loglik[8]     -2.230  2.433 -1.526
loglik[9]     -2.183  1.810 -0.817
p.global[1]    0.531 -0.865  0.766
p.global[2]   -0.191  0.863 -1.076
p.global[3]   -0.428  0.670  0.234
p.global[4]    0.549 -1.760  1.663
p.ind[1,1]     0.335 -1.067  1.110
p.ind[1,2]    -0.246  0.725 -0.800
p.ind[1,3]    -1.175  0.743 -1.305
p.ind[1,4]     1.573 -1.826  1.862
p.ind[10,1]    0.600 -0.433  0.253
p.ind[10,2]   -0.232  1.143 -1.246
p.ind[10,3]    0.528 -0.329  1.072
p.ind[10,4]   -0.290 -1.512  0.899
p.ind[11,1]    0.531 -0.867  0.769
p.ind[11,2]   -0.191  0.861 -1.076
p.ind[11,3]   -0.435  0.674  0.226
p.ind[11,4]    0.555 -1.764  1.668
p.ind[12,1]    0.579 -0.473  0.411
p.ind[12,2]   -0.243  1.155 -1.242
p.ind[12,3]    0.474 -0.113  1.011
p.ind[12,4]   -0.105 -1.609  1.058
p.ind[13,1]    0.596 -0.434  0.216
p.ind[13,2]   -0.220  1.145 -0.944
p.ind[13,3]    0.517 -0.358  1.076
p.ind[13,4]   -0.335 -1.491  0.867
p.ind[14,1]    0.515 -0.938  0.881
p.ind[14,2]   -0.190  0.815 -1.063
p.ind[14,3]   -0.646  0.800 -0.066
p.ind[14,4]    0.839 -2.005  1.690
p.ind[15,1]    0.539 -0.575  0.567
p.ind[15,2]   -0.221  0.946 -1.165
p.ind[15,3]    0.145  0.247  0.811
p.ind[15,4]    0.160 -1.682  1.317
p.ind[16,1]    0.232 -0.892  1.058
p.ind[16,2]   -0.260  0.621 -0.465
p.ind[16,3]   -1.497  0.812 -1.536
p.ind[16,4]    1.618 -1.524  1.855
p.ind[17,1]    0.520 -0.906  0.830
p.ind[17,2]   -0.189  0.831 -1.068
p.ind[17,3]   -0.558  0.739  0.069
p.ind[17,4]    0.651 -1.900  1.604
p.ind[18,1]    0.514 -0.949  0.898
p.ind[18,2]   -0.190  0.810 -1.060
p.ind[18,3]   -0.676  0.811 -0.113
p.ind[18,4]    0.878 -2.015  1.720
p.ind[19,1]    0.523 -0.890  0.805
p.ind[19,2]   -0.189  0.842 -1.070
p.ind[19,3]   -0.510  0.714  0.133
p.ind[19,4]    0.613 -1.871  1.563
p.ind[2,1]     0.520 -0.906  0.830
p.ind[2,2]    -0.189  0.831 -1.068
p.ind[2,3]    -0.558  0.739  0.068
p.ind[2,4]     0.651 -1.900  1.605
p.ind[3,1]     0.547 -0.833  0.718
p.ind[3,2]    -0.195  0.896 -1.087
p.ind[3,3]    -0.404  0.567  0.363
p.ind[3,4]     0.465 -1.811  1.619
p.ind[4,1]     0.589 -0.731  0.636
p.ind[4,2]    -0.207  0.886 -1.121
p.ind[4,3]    -0.113  0.408  0.627
p.ind[4,4]     0.306 -1.742  1.473
p.ind[5,1]     0.381 -0.892  1.057
p.ind[5,2]    -0.260  0.724 -0.851
p.ind[5,3]    -1.079  0.757 -1.006
p.ind[5,4]     1.391 -2.077  2.041
p.ind[6,1]     0.597 -0.433  0.221
p.ind[6,2]    -0.222  1.145 -0.946
p.ind[6,3]     0.519 -0.355  1.076
p.ind[6,4]    -0.329 -1.493  0.871
p.ind[7,1]     0.584 -0.464  0.393
p.ind[7,2]    -0.244  1.162 -1.246
p.ind[7,3]     0.492 -0.153  1.025
p.ind[7,4]    -0.133 -1.593  1.031
p.ind[8,1]     0.349 -0.917  1.114
p.ind[8,2]    -0.242  0.743 -0.805
p.ind[8,3]    -1.150  0.748 -1.194
p.ind[8,4]     1.528 -1.890  1.912
p.ind[9,1]     0.079 -0.704  0.801
p.ind[9,2]    -0.243  0.532 -0.171
p.ind[9,3]    -1.483  0.770 -1.681
p.ind[9,4]     1.780 -1.267  1.649
